426490853
224787023
110744712
110744712
110744712
110744712
110744712
110744712
110744712
110744712
841322190
188193663
188193663
973115198
973115198
486557599
486557599
486557599
501920347
501920347
214011381
214011381
214011381
214011381
214011381
214011381
214011381
214011381
540855521
81711035
81711035
81711035
81711035
81711035
540855521
540855521
540855521
81711035
81711035
163422070
163422070
163422070
163422070
326844140
326844140
326844140
906615967
906615967
312395442
156197721
156197721
156197721
156197721
156197721
156197721
156197721
156197721
578098864
156197721
156197721
156197721
156197721
156197721
578098864
578098864
578098864
156197721
578098864
578098864
578098864
578098864
156197721
312395442
312395442
312395442
312395442
312395442
312395442
312395442
312395442
312395442
312395442
312395442
312395442
312395442
312395442
624790884
624790884
312395442
312395442
624790884
312395442
312395442
312395442
312395442
312395442
312395442
312395442
312395442
312395442
312395442
312395442
312395442
312395442
624790884
312395442
312395442
312395442
624790884
312395442
156197721
156197721
156197721
156197721
156197721
578098864
578098864
578098864
578098864
578098864
578098864
156197721
578098864
578098864
578098864
578098864
578098864
156197721
578098864
578098864
156197721
156197721
156197721
156197721
312395442
312395442
312395442
624790884
624790884
312395442
312395442
156197721
156197721
156197721
156197721
156197721
312395442
312395442
312395442
312395442
312395442
156197721
156197721
156197721
578098864
578098864
578098864
578098864
578098864
578098864
578098864
578098864
578098864
578098864
578098864
156197721
156197721
312395442
312395442
312395442
312395442
624790884
624790884
249581761
249581761
249581761
249581761
249581761
249581761
249581761
624790884
312395442
312395442
624790884
624790884
624790884
624790884
624790884
624790884
624790884
312395442
312395442
312395442
312395442
312395442
312395442
312395442
624790884
624790884
624790884
624790884
624790884
249581761
249581761
249581761
249581761
249581761
249581761
249581761
249581761
499163522
499163522
249581761
624790884
312395442
156197721
156197721
156197721
156197721
156197721
312395442
312395442
312395442
312395442
312395442
312395442
312395442
312395442
156197721
156197721
156197721
156197721
578098864
578098864
578098864
578098864
578098864
156197721
156197721
156197721
156197721
156197721
156197721
156197721
156197721
156197721
156197721
156197721
156197721
156197721
156197721
156197721
156197721
578098864
578098864
578098864
578098864
578098864
578098864
578098864
578098864
578098864
578098864
578098864
578098864
578098864
289049432
289049432
289049432
289049432
289049432
289049432
289049432
289049432
289049432
289049432
289049432
578098864
578098864
578098864
578098864
578098864
578098864
289049432
578098864
578098864
156197721
312395442
312395442
312395442
312395442
312395442
312395442
156197721
156197721
578098864
578098864
156197721
156197721
312395442
312395442
312395442
156197721
156197721
156197721
156197721
156197721
156197721
156197721
156197721
156197721
312395442
156197721
156197721
156197721
156197721
156197721
156197721
156197721
156197721
156197721
578098864
578098864
289049432
578098864
156197721
156197721
312395442
312395442
312395442
312395442
312395442
312395442
624790884
624790884
312395442
312395442
156197721
156197721
156197721
156197721
312395442
312395442
312395442
312395442
312395442
312395442
312395442
624790884
624790884
624790884
624790884
624790884
624790884
249581761
249581761
249581761
249581761
249581761
249581761
624790884
624790884
624790884
624790884
312395442
312395442
312395442
312395442
312395442
312395442
312395442
312395442
312395442
156197721
156197721
156197721
156197721
312395442
312395442
312395442
156197721
156197721
578098864
578098864
578098864
156197721
156197721
312395442
312395442
312395442
156197721
156197721
578098864
578098864
578098864
289049432
289049432
289049432
578098864
156197721
312395442
312395442
312395442
156197721
156197721
156197721
312395442
312395442
312395442
312395442
312395442
312395442
624790884
624790884
624790884
249581761
249581761
249581761
624790884
624790884
624790884
624790884
624790884
312395442
312395442
156197721
156197721
156197721
578098864
578098864
578098864
289049432
289049432
578098864
578098864
578098864
578098864
578098864
578098864
578098864
578098864
578098864
578098864
578098864
156197721
156197721
578098864
578098864
578098864
578098864
156197721
156197721
156197721
156197721
156197721
156197721
156197721
156197721
578098864
578098864
578098864
578098864
578098864
578098864
578098864
156197721
156197721
156197721
156197721
156197721
156197721
156197721
156197721
156197721
578098864
578098864
578098864
578098864
578098864
578098864
578098864
578098864
156197721
156197721
156197721
156197721
156197721
156197721
156197721
578098864
578098864
156197721
156197721
156197721
156197721
312395442
312395442
312395442
156197721
156197721
156197721
156197721
156197721
156197721
156197721
156197721
156197721
312395442
624790884
312395442
156197721
156197721
156197721
156197721
156197721
156197721
156197721
578098864
578098864
578098864
578098864
578098864
156197721
156197721
156197721
156197721
312395442
312395442
312395442
312395442
312395442
312395442
312395442
312395442
312395442
312395442
312395442
156197721
156197721
156197721
156197721
156197721
156197721
156197721
578098864
578098864
578098864
578098864
156197721
156197721
156197721
156197721
312395442
312395442
312395442
624790884
624790884
312395442
312395442
312395442
312395442
312395442
312395442
312395442
156197721
156197721
156197721
156197721
156197721
156197721
312395442
312395442
156197721
312395442
312395442
312395442
312395442
312395442
156197721
312395442
156197721
156197721
312395442
312395442
156197721
156197721
156197721
578098864
578098864
578098864
578098864
156197721
156197721
578098864
578098864
578098864
578098864
578098864
578098864
289049432
289049432
289049432
289049432
289049432
289049432
578098864
578098864
578098864
578098864
578098864
578098864
578098864
289049432
578098864
578098864
578098864
289049432
289049432
578098864
578098864
578098864
578098864
578098864
578098864
578098864
578098864
289049432
578098864
578098864
578098864
578098864
578098864
578098864
578098864
156197721
312395442
312395442
312395442
312395442
312395442
312395442
312395442
312395442
312395442
624790884
624790884
312395442
624790884
312395442
156197721
156197721
578098864
578098864
289049432
144524716
144524716
144524716
144524716
144524716
144524716
144524716
289049432
289049432
289049432
289049432
578098864
156197721
156197721
156197721
156197721
156197721
156197721
312395442
624790884
624790884
624790884
624790884
312395442
312395442
156197721
156197721
156197721
156197721
156197721
312395442
312395442
156197721
156197721
156197721
156197721
156197721
156197721
156197721
312395442
312395442
312395442
312395442
312395442
312395442
312395442
312395442
312395442
312395442
312395442
624790884
249581761
249581761
249581761
249581761
249581761
249581761
249581761
249581761
249581761
249581761
249581761
249581761
249581761
249581761
624790884
624790884
312395442
312395442
312395442
312395442
312395442
624790884
312395442
312395442
312395442
312395442
312395442
312395442
312395442
312395442
312395442
624790884
624790884
624790884
249581761
249581761
249581761
249581761
249581761
499163522
499163522
249581761
624790884
624790884
624790884
249581761
249581761
249581761
624790884
624790884
249581761
249581761
249581761
249581761
249581761
249581761
249581761
624790884
624790884
624790884
624790884
624790884
312395442
312395442
312395442
312395442
624790884
624790884
624790884
624790884
624790884
624790884
624790884
624790884
624790884
624790884
249581761
624790884
249581761
249581761
249581761
249581761
249581761
624790884
312395442
312395442
624790884
624790884
312395442
312395442
156197721
156197721
156197721
156197721
156197721
578098864
578098864
578098864
578098864
578098864
578098864
578098864
578098864
156197721
156197721
156197721
156197721
156197721
156197721
156197721
156197721
156197721
156197721
578098864
578098864
156197721
156197721
156197721
156197721
312395442
312395442
312395442
156197721
156197721
156197721
578098864
578098864
578098864
578098864
578098864
578098864
289049432
289049432
578098864
578098864
156197721
156197721
156197721
156197721
156197721
312395442
156197721
156197721
156197721
312395442
156197721
156197721
156197721
156197721
312395442
312395442
156197721
156197721
156197721
156197721
578098864
156197721
156197721
578098864
578098864
578098864
578098864
156197721
156197721
156197721
156197721
156197721
312395442
156197721
156197721
578098864
156197721
156197721
156197721
156197721
156197721
156197721
156197721
156197721
156197721
312395442
312395442
312395442
312395442
156197721
156197721
578098864
156197721
156197721
156197721
156197721
578098864
578098864
578098864
578098864
578098864
578098864
578098864
156197721
578098864
578098864
578098864
578098864
578098864
156197721
156197721
156197721
312395442
156197721
156197721
156197721
312395442
312395442
312395442
312395442
312395442
312395442
312395442
624790884
624790884
312395442
312395442
312395442
312395442
312395442
312395442
312395442
312395442
312395442
312395442
312395442
624790884
624790884
624790884
624790884
312395442
312395442
624790884
624790884
624790884
624790884
312395442
312395442
312395442
624790884
624790884
624790884
249581761
249581761
249581761
249581761
249581761
249581761
624790884
624790884
624790884
624790884
624790884
624790884
624790884
624790884
624790884
624790884
624790884
624790884
249581761
249581761
249581761
499163522
249581761
624790884
249581761
249581761
249581761
249581761
624790884
624790884
624790884
624790884
249581761
249581761
499163522
499163522
499163522
249581761
249581761
499163522
249581761
249581761
249581761
499163522
499163522
499163522
499163522
499163522
499163522
