392927667
3019699
252703129
967234835
690465334
745063314
648310471
594657147
797483498
960494972
217493779
741093774
398194406
336083786
400370081
595436661
30471347
875039519
60963593
516858978
480652068
726643394
673856666
237413719
45909014
783589282
600072636
214213285
409343465
506112870
193698957
991200197
410101330
930454592
43748542
316206571
276087893
113339261
529729494
840730817
917189891
398447989
84561606
511309766
488841703
961625991
651843355
412278436
297596901
339444077
516112776
694748250
608120599
586498989
158226324
64900241
241136736
317684586
267149301
686851480
619208560
574036040
446848452
571464391
192018758
45041409
390421795
321228412
28833542
611801713
493875837
715340116
753060328
293033050
694074656
38462829
268509771
829343707
606720270
124391372
993652919
708076583
456054758
111684771
746582958
884868307
579445629
678868073
987915363
231820693
227040705
802350566
350414966
641680572
978432559
971891983
153167003
886127093
140063486
203781581
707646541
893999893
912929143
965789479
828082158
320259838
854338661
857160286
411846643
369890698
398826477
242550026
596068811
300804081
172639415
136667186
597932809
85309960
718499629
899671825
564091857
182484101
849579360
758842767
541112396
782699874
38102336
442416714
167812785
153223144
331655621
156234182
271319878
69149624
873779931
525995834
519373643
774569462
454406383
332019393
723420398
730398712
672833405
271466390
126647694
902466711
769486360
356039780
211820885
856779476
897648618
248793604
984280901
596476854
332044564
19971321
547765495
119080654
217360346
938134951
857798632
987584141
283207991
627151156
450571367
807390083
815620246
750195272
329206557
284644037
933095470
393673526
610464842
364552133
710050249
698320002
610599766
13890733
627711123
962544107
636429943
823611781
674845460
591359710
439176922
160037127
329225896
723558476
722274961
102135069
165710916
265437166
885911021
164173491
519259690
696975064
248733312
590028018
48212054
691435672
45758574
78294815
800521427
400356244
636676401
770341890
498749218
270333920
866684804
967029806
882803884
731829742
48865749
699508025
748411777
136826917
95556522
368489342
344006343
587700665
695025477
908866157
932135443
52770093
132356487
416080536
834165493
93754636
873947643
491732674
530003888
569832077
32414789
197000088
777816938
479614883
232224569
350485282
700950031
139710299
905227501
149993009
715386877
445210293
814361568
620539117
732971885
135423529
588257197
3694302
664916712
50634287
457412344
907812168
701248572
254297054
361280761
34943379
115027286
154196998
825925059
141545376
115492577
606558298
948433604
970986820
942119061
781959455
654186631
279895197
160938835
457698338
647751604
416131617
94978857
97940440
692578020
820023694
902819517
19316012
723114974
162660766
75399609
528393613
395667620
488415801
503893747
769553851
657018814
717461763
495896947
739594322
516258164
109379635
157249449
612719283
672118977
107738350
919723924
461932104
194655790
807076431
989970130
11381232
754807151
550661374
962889934
72157165
704478657
806210463
933834951
231544189
356056429
990089232
704746600
802828805
717206602
604313856
785973103
928806014
986162901
680281659
932468471
471945176
633144366
732994940
5049500
531039074
282487652
171966386
579265577
549826759
409172990
707452517
21110827
372623434
698139278
916142162
666394519
390465074
336143657
684014617
719153455
108681896
535033866
428337037
881354755
297520191
89068009
240062937
127749237
317259117
401166846
981954296
224324248
498169311
474936584
110622945
675705370
301068038
42136672
388645296
210630072
238972924
282054444
241802810
247254872
871804837
120383976
389834331
398326792
326791598
531299387
462209083
923255304
540666483
101642267
137144065
71472946
875678562
32114284
10058523
408664908
865797506
337374804
539547811
57861117
534931737
604086800
226230073
136637202
789550635
523078031
279856637
255032596
413215331
468027345
79897319
354797567
31486764
268501330
421701176
82137652
782496446
171060189
51655698
34019382
630486646
489177578
379411605
488211590
753755948
372591558
581654605
335466921
709986867
204373258
590396713
303479340
139465700
30475547
660098622
693129734
896593748
201739980
732174197
911732868
365877631
732314537
948094557
288145236
685095495
443825402
68094069
291802034
787977346
897259605
103178066
316045820
78812153
989662060
896412603
921218928
216245853
48326931
626719371
774992777
182288721
377821328
51472182
344534779
142447362
283322117
474247757
588989805
465286631
157212263
780993296
988739965
665105997
177281777
57323187
365986827
197953748
697996100
606189654
673540467
146757856
861151525
464990385
284687390
38029849
25515285
733236188
373784255
528555556
231224677
396522333
22890948
948154346
837452338
89339061
619816141
757604765
159858718
179398412
316824031
153971645
48916468
406507031
356317097
881525331
646075086
998753639
823043119
603477394
125711567
361954287
353384205
310415198
32058261
326637150
834436263
171821848
430285367
638066116
234930550
402311173
15245970
55466536
980420592
2031608
78445640
823558806
405468445
302348959
292156087
327546639
528361265
991995596
830442287
439449204
978849617
483327585
389890285
456272611
18883513
88104248
49510271
131267004
818104370
292907991
990784604
815589016
940492035
755891471
488199389
8137312
984264578
314685601
341915165
267749780
943282995
242287666
527878491
991179396
354117401
88569857
538512459
692417491
975925621
48891970
433425707
588639770
86903894
124772456
738319414
376246586
425739295
977815511
91963371
632323984
382759466
562690190
526614427
930451170
654379411
706185635
830999421
316495476
621672435
205492463
518502741
989779641
577870397
69135237
801938519
716555589
456120874
401545400
843203130
335780606
588952293
986810525
475137878
269095566
472501246
483823955
43406668
288815480
551162572
832976168
601483601
999626192
461260753
79510121
225176147
500055018
842194025
333959301
576339122
768781024
848487302
957311788
497020234
767802672
931936391
716751022
364957491
156078569
527326914
89853686
189931786
129421039
499382841
81161713
90295560
571632023
437583407
716356812
701333053
609781184
109364720
579459395
338054028
252794907
136737034
176183741
295428718
640971477
70050082
608398713
492456735
743571394
519085152
701121141
592329102
547760891
236605931
973264921
493098547
14776992
942857155
511710559
418481489
132308790
628887530
52256295
275688887
369030467
631516250
191416253
697264218
71676009
704269656
940414059
786127985
472537924
759366541
333360098
126946052
849639719
16781180
179813166
975708566
326743829
351721668
586651454
292421999
515874547
945433534
30509653
804268679
429259882
686021205
7852346
879158541
269966615
323544250
626874442
840856041
709512533
146766811
36042223
387634359
932461562
808278418
116934355
378853327
428080508
644010944
56595503
796030222
283473574
137758569
951338323
616522282
862920881
564003361
643468572
618906985
353677280
871609589
208723385
447293769
749361311
964802208
964533351
875022395
23005302
602756495
789671186
710331692
397921657
678613434
694732345
124053690
383669734
947000093
423830036
75676620
228736527
695801965
981446996
447175147
834998974
395204243
953754175
337787328
617365909
957473059
943197313
233828866
788208013
448914649
505521229
567697986
99367270
385051714
191521515
938987173
213480002
567944407
951261006
27932476
712131348
225760004
483103512
534762215
679893980
867106403
441834053
533133796
299901922
900522455
35859711
774841786
446211770
971745046
53744586
970553370
77511356
292036114
365482120
710626537
675529017
957784544
471619797
958995221
55360075
684642866
857054559
788677222
280640434
17257360
113277732
722657262
786971760
777173628
50517007
908547376
189243634
641033441
240010547
884126305
645241211
134293264
146186538
265645902
415271067
88760105
575226626
316621565
565970841
837774121
87182107
361399415
333870908
96416654
744609015
782124156
443528846
59769
366974983
466958083
556680292
559004463
38759344
122229654
497292098
365392116
56706662
910151096
28253293
46793471
335603158
2292022
845769578
631857968
179512042
585939422
896839699
11176493
126097911
494360187
746192838
677962665
562375923
964480736
916421790
913024523
235159277
857839387
489224776
260799443
509196465
998369504
519062774
546055783
129607621
801148372
614414783
673658312
802447419
530641290
236513602
372366087
349602316
897304911
236612057
927888704
831421735
771960908
894737772
979600164
211741550
265396262
588431372
74123667
469650830
571578118
43409591
208899469
800526748
304348327
670545317
643377191
224404406
726612561
357186600
457523200
301255960
547665234
914263965
472119423
443098385
56411039
342889910
391943425
254030469
921219502
111646492
720563296
597723609
440863418
687045098
50415586
484734823
186128339
641170156
673947016
79110758
98319680
863541398
498040711
875409427
66472142
152486185
289944240
358393069
85212720
916907194
759181250
161566240
707269804
505122728
537950132
645612358
451422608
824089533
41265681
994941808
39116593
302596950
66479494
294881224
365649081
904523316
30712795
378043866
741867314
82139442
812781343
132483203
561058193
925856414
697845710
599466712
254967135
589427200
69866653
181996901
239269677
599768879
335484988
559940144
533053076
350552593
528209916
439244117
983882340
814185391
626693971
426616948
366781490
600691593
421150828
985753698
6017571
585183449
953453238
196029382
245496868
432333713
991741900
388393453
339484542
295881360
332695876
627345027
321828515
993068917
504120821
365442106
469102339
695939707
529880340
492388783
566944686
547989334
142923692
126033006
225061524
173211049
930021161
764405613
9585157
114753357
18785096
511155516
487520028
998014412
374896500
363081454
593125627
444985140
386400012
689742884
101309364
920622234
526399916
412254548
684521755
535765570
123895925
795103221
8980545
318331016
548560251
254895818
1
