1000
1 1 1 1 1 1 1 1 1 1 1 1 1 1 1 1 1 1 1 1 1 1 1 1 1 1 1 1 1 1 1 1 1 1 1 1 1 1 1 1 1 1 1 1 1 1 1 1 1 1 1 1 1 1 1 1 1 1 1 1 1 1 1 1 1 1 1 1 1 1 1 1 1 1 1 1 1 1 1 1 1 1 1 1 1 1 1 1 1 1 1 1 1 1 1 1 1 1 1 1 1 1 1 1 1 1 1 1 1 1 1 1 1 1 1 1 1 1 1 1 1 1 1 1 1 1 1 1 1 1 1 1 1 1 1 1 1 1 1 1 1 1 1 1 1 1 1 1 1 1 1 1 1 1 1 1 1 1 1 1 1 1 1 1 1 1 1 1 1 1 1 1 1 1 1 1 1 1 1 1 1 1 1 1 1 1 1 1 1 1 1 1 1 1 1 1 1 1 1 1 1 1 1 1 1 1 1 1 1 1 1 1 1 1 1 1 1 1 1 1 1 1 1 1 1 1 1 1 1 1 1 1 1 1 1 1 1 1 1 1 1 1 1 1 1 1 1 1 1 1 1 1 1 1 1 1 1 1 1 1 1 1 1 1 1 1 1 1 1 1 1 1 1 1 1 1 1 1 1 1 1 1 1 1 1 1 1 1 1 1 1 1 1 1 1 1 1 1 1 1 1 1 1 1 1 1 1 1 1 1 1 1 1 1 1 1 1 1 1 1 1 1 1 1 1 1 1 1 1 1 1 1 1 1 1 1 1 1 1 1 1 1 1 1 1 1 1 1 1 1 1 1 1 1 1 1 1 1 1 1 1 1 1 1 1 1 1 1 1 1 1 1 1 1 1 1 1 1 1 1 1 1 1 1 1 1 1 1 1 1 1 1 1 1 1 1 1 1 1 1 1 1 1 1 1 1 1 1 1 1 1 1 1 1 1 1 1 1 1 1 1 1 1 1 1 1 1 1 1 1 1 1 1 1 1 1 1 1 1 1 1 1 1 1 1 1 1 1 1 1 1 1 1 1 1 1 1 1 1 1 1 1 1 1 1 1 1 1 1 1 1 1 1 1 1 1 1 1 1 1 1 1 1 1 1 1 1 1 1 1 1 1 1 1 1 1 1 1 1 1 1 1 1 1 1 1 1 1 1 1 1 1 1 1 1 1 1 1 1 1 1 1 1 1 1 1 1 1 1 1 1 1 1 1 1 1 1 1 1 1 1 1 1 1 1 1 1 1 1 1 1 1 1 1 1 1 1 1 1 1 1 1 1 1 1 1 1 1 1 1 1 1 1 1 1 1 1 1 1 1 1 1 1 1 1 1 1 1 1 1 1 1 1 1 1 1 1 1 1 1 1 1 1 1 1 1 1 1 1 1 1 1 1 1 1 1 1 1 1 1 1 1 1 1 1 1 1 1 1 1 1 1 1 1 1 1 1 1 1 1 1 1 1 1 1 1 1 1 1 1 1 1 1 1 1 1 1 1 1 1 1 1 1 1 1 1 1 1 1 1 1 1 1 1 1 1 1 1 1 1 1 1 1 1 1 1 1 1 1 1 1 1 1 1 1 1 1 1 1 1 1 1 1 1 1 1 1 1 1 1 1 1 1 1 1 1 1 1 1 1 1 1 1 1 1 1 1 1 1 1 1 1 1 1 1 1 1 1 1 1 1 1 1 1 1 1 1 1 1 1 1 1 1 1 1 1 1 1 1 1 1 1 1 1 1 1 1 1 1 1 1 1 1 1 1 1 1 1 1 1 1 1 1 1 1 1 1 1 1 1 1 1 1 1 1 1 1 1 1 1 1 1 1 1 1 1 1 1 1 1 1 1 1 1 1 1 1 1 1 1 1 1 1 1 1 1 1 1 1 1 1 1 1 1 1 1 1 1 1 1 1 1 1 1 1 1 1 1 1 1 1 1 1 1 1 1 1 1 1 1 1 1 1 1 1 1 1 1 1 1 1 1 1 1 1 1 1 1 1 1 1 1 1 1 1 1 1 1 1 1 1 1 1 1 1 1 1 1 1 1 1 1 1 1 1 1 1 1 1 1 1 1 1 1 1 1 1 1 1 1 1 1 1 1 1 1 1 1 1 1 1 1 1 1 1 1 1 1 1 1 1 1 1 1 1 1 1 1 1 1 1 1 1 1 1 1 1 1 1 1 1 1 1 1 1 1 1 1 1 1 1 1 1 1 1 1 1 1 1 1 2 2 2 2 2 2 2 2 2 2 2 2 2 2 2 2 2 2 2 2
1 1 1 1 1 1 1 1 1 1 1 1 1 1 1 1 1 1 1 1 1 1 1 1 1 1 1 1 1 1 1 1 1 1 1 1 1 1 1 1 1 1 1 1 1 1 1 1 1 1 1 1 1 1 1 1 1 1 1 1 1 1 1 1 1 1 1 1 1 1 1 1 1 1 1 1 1 1 1 1 1 1 1 1 1 1 1 1 1 1 1 1 1 1 1 1 1 1 1 1 1 1 1 1 1 1 1 1 1 1 1 1 1 1 1 1 1 1 1 1 1 1 1 1 1 1 1 1 1 1 1 1 1 1 1 1 1 1 1 1 1 1 1 1 1 1 1 1 1 1 1 1 1 1 1 1 1 1 1 1 1 1 1 1 1 1 1 1 1 1 1 1 1 1 1 1 1 1 1 1 1 1 1 1 1 1 1 1 1 1 1 1 1 1 1 1 1 1 1 1 1 1 1 1 1 1 1 1 1 1 1 1 1 1 1 1 1 1 1 1 1 1 1 1 1 1 1 1 1 1 1 1 1 1 1 1 1 1 1 1 1 1 1 1 1 1 1 1 1 1 1 1 1 1 1 1 1 1 1 1 1 1 1 1 1 1 1 1 1 1 1 1 1 1 1 1 1 1 1 1 1 1 1 1 1 1 1 1 1 1 1 1 1 1 1 1 1 1 1 1 1 1 1 1 1 1 1 1 1 1 1 1 1 1 1 1 1 1 1 1 1 1 1 1 1 1 1 1 1 1 1 1 1 1 1 1 1 1 1 1 1 1 1 1 1 1 1 1 1 1 1 1 1 1 1 1 1 1 1 1 1 1 1 1 1 1 1 1 1 1 1 1 1 1 1 1 1 1 1 1 1 1 1 1 1 1 1 1 1 1 1 1 1 1 1 1 1 1 1 1 1 1 1 1 1 1 1 1 1 1 1 1 1 1 1 1 1 1 1 1 1 1 1 1 1 1 1 1 1 1 1 1 1 1 1 1 1 1 1 1 1 1 1 1 1 1 1 1 1 1 1 1 1 1 1 1 1 1 1 1 1 1 1 1 1 1 1 1 1 1 1 1 1 1 1 1 1 1 1 1 1 1 1 1 1 1 1 1 1 1 1 1 1 1 1 1 1 1 1 1 1 1 1 1 1 1 1 1 1 1 1 1 1 1 1 1 1 1 1 1 1 1 1 1 1 1 1 1 1 1 1 1 1 1 1 1 1 1 1 1 1 1 1 1 1 1 1 1 1 1 1 1 1 1 1 1 1 1 1 1 1 1 1 1 1 1 1 1 1 1 1 1 1 1 1 1 1 1 1 1 1 1 1 1 1 1 1 1 1 1 1 1 1 1 1 1 1 1 1 1 1 1 1 1 1 1 1 1 1 1 1 1 1 1 1 1 1 1 1 1 1 1 1 1 1 1 1 1 1 1 1 1 1 1 1 1 1 1 1 1 1 1 1 1 1 1 1 1 1 1 1 1 1 1 1 1 1 1 1 1 1 1 1 1 1 1 1 1 1 1 1 1 1 1 1 1 1 1 1 1 1 1 1 1 1 1 1 1 1 1 1 1 1 1 1 1 1 1 1 1 1 1 1 1 1 1 1 1 1 1 1 1 1 1 1 1 1 1 1 1 1 1 1 1 1 1 1 1 1 1 1 1 1 1 1 1 1 1 1 1 1 1 1 1 1 1 1 1 1 1 1 1 1 1 1 1 1 1 1 1 1 1 1 1 1 1 1 1 1 1 1 1 1 1 1 1 1 1 1 1 1 1 1 1 1 1 1 1 1 1 1 1 1 1 1 1 1 1 1 1 1 1 1 1 1 1 1 1 1 1 1 1 1 1 1 1 1 1 1 1 1 1 1 1 1 1 1 1 1 1 1 1 1 1 1 1 1 1 1 1 1 1 1 1 1 1 1 1 1 1 1 1 1 1 1 1 1 1 1 1 1 1 1 1 1 1 1 1 1 1 1 1 1 1 1 1 1 1 1 1 1 1 1 1 1 1 1 1 1 1 1 1 1 1 1 1 1 1 1 1 1 1 1 1 1 1 1 1 1 1 1 1 1 1 1 1 1 1 1 1 1 1 1 1 1 1 1 1 1 1 1 1 1 1 1 1 1 1 1 1 1 1 1 1 1 1 1 1 1 1 1 1 1 1 1 1 1 1 1 1 1 1 1 1 1 1 1 1 1 1 1 1 1 1 1 1 1 1 1 1 1 1 1 1 1 1 1 1 1 1 1 1 1 1 1 1 1 1 1 1
1000
2 0 1
2 1 2
2 2 4
2 3 8
2 4 16
2 5 32
2 6 64
2 7 128
2 8 256
2 9 512
2 10 1024
2 11 2048
2 12 4096
2 13 8192
2 14 16384
2 15 32768
2 16 65536
2 17 131072
2 18 262144
2 19 524288
2 20 1048576
2 21 2097152
2 22 4194304
2 23 8388608
2 24 16777216
2 25 33554432
2 26 67108864
2 27 134217728
2 28 268435456
2 29 536870912
2 30 1
2 31 2
2 32 4
2 33 8
2 34 16
2 35 32
2 36 64
2 37 128
2 38 256
2 39 512
2 40 1024
2 41 2048
2 42 4096
2 43 8192
2 44 16384
2 45 32768
2 46 65536
2 47 131072
2 48 262144
2 49 524288
2 50 1048576
2 51 2097152
2 52 4194304
2 53 8388608
2 54 16777216
2 55 33554432
2 56 67108864
2 57 134217728
2 58 268435456
2 59 536870912
2 0 1
2 1 1
2 2 1
2 3 1
2 4 1
2 5 1
2 6 1
2 7 1
2 8 1
2 9 1
2 10 1
2 11 1
2 12 1
2 13 1
2 14 1
2 15 1
2 16 1
2 17 1
2 18 1
2 19 1
2 20 1
2 21 1
2 22 1
2 23 1
2 24 1
2 25 1
2 26 1
2 27 1
2 28 1
2 29 1
2 30 1
2 31 1
2 32 1
2 33 1
2 34 1
2 35 1
2 36 1
2 37 1
2 38 1
2 39 1
2 40 1
2 41 1
2 42 1
2 43 1
2 44 1
2 45 1
2 46 1
2 47 1
2 48 1
2 49 1
2 50 1
2 51 1
2 52 1
2 53 1
2 54 1
2 55 1
2 56 1
2 57 1
2 58 1
2 59 1
2 0 1
2 1 2
2 2 4
2 3 8
2 4 16
2 5 32
2 6 64
2 7 128
2 8 256
2 9 512
2 10 1024
2 11 2048
2 12 4096
2 13 8192
2 14 16384
2 15 32768
2 16 65536
2 17 131072
2 18 262144
2 19 524288
2 20 1048576
2 21 2097152
2 22 4194304
2 23 8388608
2 24 16777216
2 25 33554432
2 26 67108864
2 27 134217728
2 28 268435456
2 29 536870912
2 30 1
2 31 2
2 32 4
2 33 8
2 34 16
2 35 32
2 36 64
2 37 128
2 38 256
2 39 512
2 40 1024
2 41 2048
2 42 4096
2 43 8192
2 44 16384
2 45 32768
2 46 65536
2 47 131072
2 48 262144
2 49 524288
2 50 1048576
2 51 2097152
2 52 4194304
2 53 8388608
2 54 16777216
2 55 33554432
2 56 67108864
2 57 134217728
2 58 268435456
2 59 536870912
2 0 1
2 1 1
2 2 1
2 3 1
2 4 1
2 5 1
2 6 1
2 7 1
2 8 1
2 9 1
2 10 1
2 11 1
2 12 1
2 13 1
2 14 1
2 15 1
2 16 1
2 17 1
2 18 1
2 19 1
2 20 1
2 21 1
2 22 1
2 23 1
2 24 1
2 25 1
2 26 1
2 27 1
2 28 1
2 29 1
2 30 1
2 31 1
2 32 1
2 33 1
2 34 1
2 35 1
2 36 1
2 37 1
2 38 1
2 39 1
2 40 1
2 41 1
2 42 1
2 43 1
2 44 1
2 45 1
2 46 1
2 47 1
2 48 1
2 49 1
2 50 1
2 51 1
2 52 1
2 53 1
2 54 1
2 55 1
2 56 1
2 57 1
2 58 1
2 59 1
2 0 1
2 1 2
2 2 4
2 3 8
2 4 16
2 5 32
2 6 64
2 7 128
2 8 256
2 9 512
2 10 1024
2 11 2048
2 12 4096
2 13 8192
2 14 16384
2 15 32768
2 16 65536
2 17 131072
2 18 262144
2 19 524288
2 20 1048576
2 21 2097152
2 22 4194304
2 23 8388608
2 24 16777216
2 25 33554432
2 26 67108864
2 27 134217728
2 28 268435456
2 29 536870912
2 30 1
2 31 2
2 32 4
2 33 8
2 34 16
2 35 32
2 36 64
2 37 128
2 38 256
2 39 512
2 40 1024
2 41 2048
2 42 4096
2 43 8192
2 44 16384
2 45 32768
2 46 65536
2 47 131072
2 48 262144
2 49 524288
2 50 1048576
2 51 2097152
2 52 4194304
2 53 8388608
2 54 16777216
2 55 33554432
2 56 67108864
2 57 134217728
2 58 268435456
2 59 536870912
2 0 1
2 1 1
2 2 1
2 3 1
2 4 1
2 5 1
2 6 1
2 7 1
2 8 1
2 9 1
2 10 1
2 11 1
2 12 1
2 13 1
2 14 1
2 15 1
2 16 1
2 17 1
2 18 1
2 19 1
2 20 1
2 21 1
2 22 1
2 23 1
2 24 1
2 25 1
2 26 1
2 27 1
2 28 1
2 29 1
2 30 1
2 31 1
2 32 1
2 33 1
2 34 1
2 35 1
2 36 1
2 37 1
2 38 1
2 39 1
2 40 1
2 41 1
2 42 1
2 43 1
2 44 1
2 45 1
2 46 1
2 47 1
2 48 1
2 49 1
2 50 1
2 51 1
2 52 1
2 53 1
2 54 1
2 55 1
2 56 1
2 57 1
2 58 1
2 59 1
2 0 1
2 1 2
2 2 4
2 3 8
2 4 16
2 5 32
2 6 64
2 7 128
2 8 256
2 9 512
2 10 1024
2 11 2048
2 12 4096
2 13 8192
2 14 16384
2 15 32768
2 16 65536
2 17 131072
2 18 262144
2 19 524288
2 20 1048576
2 21 2097152
2 22 4194304
2 23 8388608
2 24 16777216
2 25 33554432
2 26 67108864
2 27 134217728
2 28 268435456
2 29 536870912
2 30 1
2 31 2
2 32 4
2 33 8
2 34 16
2 35 32
2 36 64
2 37 128
2 38 256
2 39 512
2 40 1024
2 41 2048
2 42 4096
2 43 8192
2 44 16384
2 45 32768
2 46 65536
2 47 131072
2 48 262144
2 49 524288
2 50 1048576
2 51 2097152
2 52 4194304
2 53 8388608
2 54 16777216
2 55 33554432
2 56 67108864
2 57 134217728
2 58 268435456
2 59 536870912
2 0 1
2 1 1
2 2 1
2 3 1
2 4 1
2 5 1
2 6 1
2 7 1
2 8 1
2 9 1
2 10 1
2 11 1
2 12 1
2 13 1
2 14 1
2 15 1
2 16 1
2 17 1
2 18 1
2 19 1
2 20 1
2 21 1
2 22 1
2 23 1
2 24 1
2 25 1
2 26 1
2 27 1
2 28 1
2 29 1
2 30 1
2 31 1
2 32 1
2 33 1
2 34 1
2 35 1
2 36 1
2 37 1
2 38 1
2 39 1
2 40 1
2 41 1
2 42 1
2 43 1
2 44 1
2 45 1
2 46 1
2 47 1
2 48 1
2 49 1
2 50 1
2 51 1
2 52 1
2 53 1
2 54 1
2 55 1
2 56 1
2 57 1
2 58 1
2 59 1
2 0 1
2 1 2
2 2 4
2 3 8
2 4 16
2 5 32
2 6 64
2 7 128
2 8 256
2 9 512
2 10 1024
2 11 2048
2 12 4096
2 13 8192
2 14 16384
2 15 32768
2 16 65536
2 17 131072
2 18 262144
2 19 524288
2 20 1048576
2 21 2097152
2 22 4194304
2 23 8388608
2 24 16777216
2 25 33554432
2 26 67108864
2 27 134217728
2 28 268435456
2 29 536870912
2 30 1
2 31 2
2 32 4
2 33 8
2 34 16
2 35 32
2 36 64
2 37 128
2 38 256
2 39 512
2 40 1024
2 41 2048
2 42 4096
2 43 8192
2 44 16384
2 45 32768
2 46 65536
2 47 131072
2 48 262144
2 49 524288
2 50 1048576
2 51 2097152
2 52 4194304
2 53 8388608
2 54 16777216
2 55 33554432
2 56 67108864
2 57 134217728
2 58 268435456
2 59 536870912
2 0 1
2 1 1
2 2 1
2 3 1
2 4 1
2 5 1
2 6 1
2 7 1
2 8 1
2 9 1
2 10 1
2 11 1
2 12 1
2 13 1
2 14 1
2 15 1
2 16 1
2 17 1
2 18 1
2 19 1
2 20 1
2 21 1
2 22 1
2 23 1
2 24 1
2 25 1
2 26 1
2 27 1
2 28 1
2 29 1
2 30 1
2 31 1
2 32 1
2 33 1
2 34 1
2 35 1
2 36 1
2 37 1
2 38 1
2 39 1
2 40 1
2 41 1
2 42 1
2 43 1
2 44 1
2 45 1
2 46 1
2 47 1
2 48 1
2 49 1
2 50 1
2 51 1
2 52 1
2 53 1
2 54 1
2 55 1
2 56 1
2 57 1
2 58 1
2 59 1
2 0 1
2 1 2
2 2 4
2 3 8
2 4 16
2 5 32
2 6 64
2 7 128
2 8 256
2 9 512
2 10 1024
2 11 2048
2 12 4096
2 13 8192
2 14 16384
2 15 32768
2 16 65536
2 17 131072
2 18 262144
2 19 524288
2 20 1048576
2 21 2097152
2 22 4194304
2 23 8388608
2 24 16777216
2 25 33554432
2 26 67108864
2 27 134217728
2 28 268435456
2 29 536870912
2 30 1
2 31 2
2 32 4
2 33 8
2 34 16
2 35 32
2 36 64
2 37 128
2 38 256
2 39 512
2 40 1024
2 41 2048
2 42 4096
2 43 8192
2 44 16384
2 45 32768
2 46 65536
2 47 131072
2 48 262144
2 49 524288
2 50 1048576
2 51 2097152
2 52 4194304
2 53 8388608
2 54 16777216
2 55 33554432
2 56 67108864
2 57 134217728
2 58 268435456
2 59 536870912
2 0 1
2 1 1
2 2 1
2 3 1
2 4 1
2 5 1
2 6 1
2 7 1
2 8 1
2 9 1
2 10 1
2 11 1
2 12 1
2 13 1
2 14 1
2 15 1
2 16 1
2 17 1
2 18 1
2 19 1
2 20 1
2 21 1
2 22 1
2 23 1
2 24 1
2 25 1
2 26 1
2 27 1
2 28 1
2 29 1
2 30 1
2 31 1
2 32 1
2 33 1
2 34 1
2 35 1
2 36 1
2 37 1
2 38 1
2 39 1
2 40 1
2 41 1
2 42 1
2 43 1
2 44 1
2 45 1
2 46 1
2 47 1
2 48 1
2 49 1
2 50 1
2 51 1
2 52 1
2 53 1
2 54 1
2 55 1
2 56 1
2 57 1
2 58 1
2 59 1
2 0 1
2 1 2
2 2 4
2 3 8
2 4 16
2 5 32
2 6 64
2 7 128
2 8 256
2 9 512
2 10 1024
2 11 2048
2 12 4096
2 13 8192
2 14 16384
2 15 32768
2 16 65536
2 17 131072
2 18 262144
2 19 524288
2 20 1048576
2 21 2097152
2 22 4194304
2 23 8388608
2 24 16777216
2 25 33554432
2 26 67108864
2 27 134217728
2 28 268435456
2 29 536870912
2 30 1
2 31 2
2 32 4
2 33 8
2 34 16
2 35 32
2 36 64
2 37 128
2 38 256
2 39 512
2 40 1024
2 41 2048
2 42 4096
2 43 8192
2 44 16384
2 45 32768
2 46 65536
2 47 131072
2 48 262144
2 49 524288
2 50 1048576
2 51 2097152
2 52 4194304
2 53 8388608
2 54 16777216
2 55 33554432
2 56 67108864
2 57 134217728
2 58 268435456
2 59 536870912
2 0 1
2 1 1
2 2 1
2 3 1
2 4 1
2 5 1
2 6 1
2 7 1
2 8 1
2 9 1
2 10 1
2 11 1
2 12 1
2 13 1
2 14 1
2 15 1
2 16 1
2 17 1
2 18 1
2 19 1
2 20 1
2 21 1
2 22 1
2 23 1
2 24 1
2 25 1
2 26 1
2 27 1
2 28 1
2 29 1
2 30 1
2 31 1
2 32 1
2 33 1
2 34 1
2 35 1
2 36 1
2 37 1
2 38 1
2 39 1
2 40 1
2 41 1
2 42 1
2 43 1
2 44 1
2 45 1
2 46 1
2 47 1
2 48 1
2 49 1
2 50 1
2 51 1
2 52 1
2 53 1
2 54 1
2 55 1
2 56 1
2 57 1
2 58 1
2 59 1
2 0 1
2 1 2
2 2 4
2 3 8
2 4 16
2 5 32
2 6 64
2 7 128
2 8 256
2 9 512
2 10 1024
2 11 2048
2 12 4096
2 13 8192
2 14 16384
2 15 32768
2 16 65536
2 17 131072
2 18 262144
2 19 524288
2 20 1048576
2 21 2097152
2 22 4194304
2 23 8388608
2 24 16777216
2 25 33554432
2 26 67108864
2 27 134217728
2 28 268435456
2 29 536870912
2 30 1
2 31 2
2 32 4
2 33 8
2 34 16
2 35 32
2 36 64
2 37 128
2 38 256
2 39 512
2 40 1024
2 41 2048
2 42 4096
2 43 8192
2 44 16384
2 45 32768
2 46 65536
2 47 131072
2 48 262144
2 49 524288
2 50 1048576
2 51 2097152
2 52 4194304
2 53 8388608
2 54 16777216
2 55 33554432
2 56 67108864
2 57 134217728
2 58 268435456
2 59 536870912
2 0 1
2 1 1
2 2 1
2 3 1
2 4 1
2 5 1
2 6 1
2 7 1
2 8 1
2 9 1
2 10 1
2 11 1
2 12 1
2 13 1
2 14 1
2 15 1
2 16 1
2 17 1
2 18 1
2 19 1
2 20 1
2 21 1
2 22 1
2 23 1
2 24 1
2 25 1
2 26 1
2 27 1
2 28 1
2 29 1
2 30 1
2 31 1
2 32 1
2 33 1
2 34 1
2 35 1
2 36 1
2 37 1
2 38 1
2 39 1
2 40 1
2 41 1
2 42 1
2 43 1
2 44 1
2 45 1
2 46 1
2 47 1
2 48 1
2 49 1
2 50 1
2 51 1
2 52 1
2 53 1
2 54 1
2 55 1
2 56 1
2 57 1
2 58 1
2 59 1
1 801 33799790
2 231 295319918
2 320 523792889
2 736 88795866
2 986 237608290
2 608 736314459
1 287 543145549
1 9 116127949
1 71 11473941
2 335 978433815
1 926 443861957
1 524 844134472
2 341 635298135
2 592 360611570
2 849 418983468
1 45 363988422
1 89 170395339
2 458 254270833
2 435 429262815
1 111 188147638
1 806 225672811
1 938 454286796
1 470 581420880
2 392 981187579
1 652 698137089
1 6 868669554
1 141 245493381
1 146 296860523
2 830 89020590
1 364 16972930
1 397 44046488
1 106 373517138
2 793 283837029
1 963 447224657
1 205 812443959
2 130 541198062
1 561 784565102
1 175 732232169
2 315 94077988
1 305 472007410
