640 642
282 126
401 568
410 493
339 542
519 533
275 362
596 202
233 230
162 611
49 334
629 414
548 609
148 142
532 423
297 141
604 408
349 538
263 427
92 443
294 60
292 549
27 514
450 278
29 97
115 156
491 400
160 587
461 379
394 303
261 271
583 351
560 24
272 185
468 287
296 458
573 448
122 511
338 403
70 307
76 82
636 541
314 336
603 369
576 457
619 618
186 639
320 71
622 415
424 391
392 457
327 567
274 409
97 615
443 183
87 631
128 363
241 586
385 477
92 106
208 13
37 394
63 474
578 182
534 83
621 550
366 32
633 37
264 588
21 253
510 196
335 445
589 420
309 47
400 100
231 4
117 77
551 209
539 437
515 113
10 141
276 259
478 495
269 419
328 209
137 452
273 607
444 135
283 220
365 183
490 280
451 416
413 327
38 500
159 179
245 374
506 40
243 635
632 302
489 466
112 402
555 426
229 415
601 254
36 297
215 353
420 299
130 23
600 562
453 75
142 151
229 43
244 317
277 502
232 250
460 260
101 289
181 593
157 301
173 238
146 339
59 93
613 571
318 3
205 133
613 498
269 22
425 342
287 102
344 427
101 325
288 258
472 396
220 293
512 108
188 380
554 558
322 86
599 111
463 370
411 60
615 29
565 206
240 235
54 346
329 16
61 105
484 322
200 293
417 84
480 505
532 607
68 193
79 417
595 136
215 285
240 298
204 462
194 518
246 550
487 38
365 64
635 529
503 602
368 483
268 226
52 574
528 333
70 525
412 352
507 432
321 14
530 147
536 463
188 237
103 435
454 475
281 386
479 436
88 367
65 96
120 222
225 247
482 348
584 548
52 1
202 354
570 62
496 536
302 56
223 284
520 533
199 541
49 387
557 18
474 412
543 634
406 187
184 360
608 134
330 347
568 433
407 332
180 464
616 358
586 399
26 224
253 522
525 567
385 515
583 383
14 105
95 89
440 238
377 306
564 160
389 90
504 326
119 380
610 600
155 144
390 241
121 364
68 589
491 424
587 194
109 16
129 226
329 279
261 626
102 544
579 2
145 393
469 27
249 165
453 300
8 566
177 355
428 291
359 274
227 7
291 592
242 552
214 152
65 195
135 298
110 590
406 527
123 324
399 132
236 120
306 221
211 638
149 360
319 554
176 350
535 154
242 556
634 563
388 198
211 499
407 258
624 312
409 359
617 426
480 50
267 99
126 47
481 208
486 9
319 442
483 273
408 475
153 511
281 393
4 15
257 30
334 2
94 185
251 434
289 264
123 486
255 383
323 611
219 594
170 143
212 505
107 299
431 637
117 137
25 637
478 12
174 63
103 257
213 353
378 566
104 340
45 398
31 221
397 171
73 476
459 156
440 492
553 328
425 266
559 527
71 75
193 107
114 227
521 213
125 78
280 66
48 539
12 623
216 249
519 170
219 168
80 55
69 378
482 304
182 578
638 337
459 354
201 83
473 362
488 172
569 605
96 373
423 368
73 296
636 472
520 143
312 433
237 85
139 467
66 179
72 561
98 361
581 36
470 517
82 506
422 33
389 577
557 161
207 313
53 438
184 267
371 386
113 616
140 499
351 255
276 434
465 376
569 422
189 203
523 308
163 492
598 452
337 140
580 381
45 516
207 201
489 51
588 325
508 157
599 377
455 44
158 447
254 116
309 282
421 199
564 518
606 21
239 350
1 573
80 290
87 405
228 606
161 58
192 620
373 369
622 446
190 308
118 90
531 494
512 50
574 612
305 310
119 85
358 477
604 150
614 605
116 25
592 234
5 476
67 352
343 304
349 441
210 609
245 175
330 347
501 315
177 112
335 546
625 190
39 138
134 93
178 467
305 41
313 74
398 516
370 395
379 546
248 233
517 54
164 526
451 146
315 275
147 69
498 449
150 454
166 633
403 144
153 316
456 585
375 621
384 559
284 3
9 591
162 204
283 124
438 510
484 175
544 620
290 248
617 572
278 356
222 48
372 357
473 501
331 513
549 17
104 263
343 502
127 504
18 565
558 404
110 345
124 81
552 632
81 200
571 449
300 540
168 582
252 570
468 192
441 560
217 301
125 397
392 266
223 198
265 524
470 20
195 603
618 619
595 419
271 247
524 537
598 77
272 514
196 471
500 640
446 43
171 133
23 479
526 577
307 413
35 187
522 91
331 130
455 186
405 381
538 575
30 34
421 396
341 346
630 22
628 542
250 6
376 234
24 575
402 535
109 336
572 180
481 252
602 41
487 640
76 432
320 540
131 447
212 108
324 591
537 191
485 584
534 74
79 128
158 243
67 174
374 86
507 40
189 19
464 555
430 509
357 366
31 111
456 246
62 13
57 114
155 494
579 439
151 28
230 55
169 270
436 513
148 460
11 582
205 78
262 371
390 132
627 203
251 214
321 414
56 556
61 629
341 20
445 461
127 326
458 5
94 469
348 277
597 99
594 11
218 442
317 17
626 225
0 0
361 593
311 303
231 6
493 197
345 497
295 401
429 547
530 8
286 430
88 488
311 166
210 485
10 581
391 100
630 136
42 121
437 236
163 173
627 19
139 178
416 628
42 364
46 310
597 149
429 551
295 624
191 265
553 547
129 268
244 292
316 122
590 497
610 563
342 576
57 7
435 34
384 35
623 495
106 64
639 224
508 217
382 471
545 59
521 285
98 181
323 462
256 89
523 625
218 404
154 355
46 503
270 39
418 372
91 228
450 256
490 167
410 51
176 561
0 0
340 344
15 232
580 631
28 260
288 332
543 562
529 131
466 197
172 367
439 387
395 496
239 72
601 431
32 418
167 159
411 294
614 33
138 169
26 44
338 531
363 84
356 95
262 145
596 115
388 318
375 585
448 612
428 465
528 333
206 58
259 152
118 164
286 216
235 444
279 314
165 509
608 545
382 53
