810
53 545
24 53
141 24
141 545
52 141
239 52
263 239
263 141
63 263
320 63
320 263
45 320
464 45
464 320
78 464
312 78
437 312
181 437
250 181
562 250
562 464
502 562
467 502
461 467
572 461
572 562
478 572
207 478
69 207
372 69
377 372
599 377
599 572
411 599
139 411
173 139
188 173
615 188
615 599
66 604
513 66
438 513
598 438
618 598
618 604
405 615
597 405
522 597
622 522
622 615
15 618
80 618
104 15
338 104
558 338
80 558
18 80
129 80
605 129
296 605
442 18
296 442
20 296
140 296
620 20
140 620
86 140
151 140
271 86
164 271
328 164
14 328
151 14
51 151
208 151
168 208
92 51
476 92
39 476
168 39
165 168
227 168
574 165
227 574
156 227
245 227
87 245
638 87
143 638
143 156
73 143
267 143
1 267
369 1
369 73
210 369
282 369
350 282
31 350
31 210
106 31
287 31
307 287
152 307
72 106
223 72
152 223
288 152
290 152
392 290
368 392
103 368
617 288
103 617
236 103
295 103
318 295
418 318
172 418
553 236
172 553
6 172
324 172
417 6
401 417
439 401
324 439
201 324
332 324
262 332
571 262
2 201
551 2
571 551
349 571
260 571
358 349
321 358
252 321
260 252
363 260
130 260
68 363
280 68
116 280
130 116
158 130
371 130
225 158
27 225
215 27
371 215
43 371
380 371
327 380
180 327
463 43
244 463
180 244
355 180
382 180
404 382
593 404
593 355
389 593
58 593
204 389
348 204
79 348
209 79
58 209
169 58
395 58
195 169
62 195
292 62
507 292
395 507
12 395
398 395
184 12
503 184
557 503
398 557
200 398
400 398
400 200
121 400
406 400
199 406
588 121
641 588
199 641
334 199
407 199
565 407
565 334
360 565
410 565
297 410
297 360
403 297
412 297
28 412
535 28
71 535
71 403
176 71
272 71
16 272
420 176
390 420
16 390
379 16
433 16
230 433
128 230
34 128
455 379
34 455
148 34
133 34
88 133
450 148
448 450
430 448
88 430
419 88
451 88
122 451
125 419
122 125
118 122
457 122
586 457
364 118
586 364
182 586
466 586
30 466
544 182
229 544
30 229
4 30
487 30
566 487
91 566
120 4
416 120
91 416
393 91
489 91
352 489
632 352
241 393
238 241
632 238
482 622
490 622
32 490
456 32
397 456
17 482
397 17
471 397
496 397
93 471
160 93
496 160
428 496
501 496
248 501
269 428
281 269
248 281
101 248
264 248
511 101
203 511
493 203
435 493
264 435
516 264
60 264
268 60
187 516
454 187
494 454
268 494
521 268
317 268
8 521
413 8
434 413
375 434
317 375
523 317
440 317
178 523
474 178
107 474
479 107
440 479
453 440
525 440
541 525
284 541
316 453
284 316
249 284
528 284
205 249
57 205
221 57
528 221
532 528
257 528
189 532
98 189
449 98
242 449
257 242
217 257
536 257
444 217
536 444
394 536
300 536
537 394
35 537
329 35
300 329
441 300
543 300
112 543
21 441
575 21
112 575
117 112
546 112
337 546
590 117
337 590
29 337
547 337
61 29
67 61
421 67
556 421
547 556
488 547
548 547
114 488
606 114
275 606
75 275
548 75
559 548
74 548
26 74
49 559
224 49
26 224
222 26
567 26
561 222
567 561
37 567
273 567
576 37
423 576
273 423
550 273
577 273
246 577
447 550
246 447
240 246
580 246
308 240
517 308
580 517
483 580
581 580
175 581
276 483
293 276
175 293
583 175
82 175
313 583
291 313
82 291
470 82
587 82
70 470
431 70
345 431
642 345
587 642
212 587
592 587
600 592
626 212
436 626
23 436
600 23
595 600
237 600
256 595
491 256
100 491
402 100
237 402
115 237
608 237
520 608
110 520
13 110
524 115
13 524
499 13
367 13
611 499
162 611
97 162
506 97
367 506
613 367
179 367
325 613
555 325
179 555
94 179
335 179
311 335
90 311
619 94
601 619
90 601
625 90
149 90
153 149
56 625
505 56
153 505
386 153
631 153
36 631
374 36
185 374
166 386
185 166
167 185
633 185
633 167
634 632
378 632
343 378
142 634
445 142
194 445
343 194
640 343
512 343
554 512
234 640
314 234
637 314
554 637
573 554
552 554
77 633
84 633
570 77
552 570
303 84
303 573
424 303
630 303
65 552
159 552
425 65
630 425
515 159
515 424
202 515
609 515
131 630
261 630
609 131
261 202
177 261
347 261
527 347
232 609
274 609
627 232
527 627
274 177
514 274
138 274
251 527
298 527
214 251
365 214
138 365
298 514
477 138
197 138
247 298
305 298
197 247
426 305
582 477
426 582
301 197
25 197
628 25
186 426
322 426
7 186
628 7
322 301
191 322
5 322
285 628
331 628
315 285
5 315
331 191
119 5
213 5
302 331
356 331
213 302
563 119
356 563
468 213
76 213
85 356
357 356
289 85
76 289
357 468
218 76
135 76
333 357
388 357
174 333
135 174
388 218
137 135
508 135
95 508
399 388
432 388
95 399
147 137
432 147
396 95
319 95
113 432
443 432
539 113
183 539
319 183
443 396
50 319
44 319
579 44
127 579
304 443
459 443
127 304
459 50
427 127
123 127
629 123
259 459
460 459
629 259
190 427
460 190
33 460
278 460
22 629
469 629
233 22
538 233
278 538
469 33
472 278
111 278
102 469
48 469
111 102
381 472
48 381
310 48
526 48
124 111
473 111
526 124
299 473
458 299
458 310
383 458
216 458
342 526
475 526
216 342
415 475
636 415
636 383
55 216
607 216
359 636
481 636
607 359
376 481
376 55
192 376
41 376
132 607
484 607
330 132
41 330
370 192
484 370
226 41
145 41
42 484
492 484
639 42
228 639
145 228
492 226
568 145
387 145
408 492
495 492
387 408
163 495
596 163
596 568
96 387
509 387
170 596
497 596
509 170
340 96
40 340
497 40
306 497
109 497
452 509
498 509
235 452
109 235
47 306
498 47
64 109
323 109
361 323
409 498
504 498
344 409
361 344
504 64
220 361
422 361
38 422
384 504
518 504
624 384
38 624
518 220
211 38
146 38
11 518
531 518
533 11
146 533
171 211
531 171
485 146
144 146
414 144
339 414
462 531
534 531
339 462
534 485
253 339
198 339
266 534
540 534
346 266
198 346
569 253
540 569
529 198
354 198
510 540
564 540
354 510
564 529
108 354
610 354
258 564
578 564
196 258
610 196
219 108
578 219
54 578
89 578
161 610
584 610
89 161
59 584
19 54
59 19
366 59
623 59
206 89
585 89
623 206
46 585
480 46
480 366
294 480
105 480
155 623
589 623
105 155
309 294
589 309
283 105
9 105
157 589
591 589
429 157
9 429
591 283
542 9
270 9
446 591
594 591
136 446
254 136
270 254
594 542
549 270
612 270
99 612
362 594
602 594
99 362
3 549
602 3
255 99
373 99
336 602
603 602
616 336
373 616
603 255
614 373
193 373
277 603
231 603
10 277
193 10
519 614
231 519
391 193
326 193
341 231
621 231
353 341
326 353
621 391
351 326
279 326
243 621
635 621
530 243
279 530
81 635
81 351
134 81
500 81
286 279
150 279
500 286
265 500
385 500
150 265
385 134
560 150
154 150
465 385
83 385
154 465
126 154
486 154
83 126
486 560
