961 962
243 494
763 551
170 341
329 960
325 380
146 690
89 433
596 463
32 405
843 511
70 361
706 849
53 713
913 269
879 38
428 333
328 557
400 134
781 368
545 97
909 714
183 928
426 294
231 360
549 606
806 130
505 344
475 206
177 518
891 263
656 334
268 136
855 748
576 278
417 315
756 719
652 516
832 108
484 61
443 101
868 721
308 489
553 40
942 736
265 758
472 245
921 907
258 739
708 716
764 686
539 795
600 757
12 362
13 118
316 837
282 957
736 64
607 729
681 517
661 7
957 898
696 448
703 162
50 44
803 51
767 250
715 76
566 240
321 313
742 196
668 584
544 173
347 367
362 685
770 599
449 22
164 786
689 656
660 415
469 847
458 573
780 286
348 421
829 866
677 41
561 697
368 247
314 932
398 578
762 942
460 21
123 120
569 26
525 408
484 771
99 238
317 582
457 36
814 301
289 470
880 926
45 563
416 154
555 327
508 382
683 284
474 872
159 852
953 28
585 813
893 378
501 199
494 147
191 121
299 504
8 57
103 542
779 144
66 383
530 730
128 431
653 528
810 828
303 62
356 954
926 202
684 401
918 43
142 753
5 834
779 652
505 904
366 650
875 151
487 324
922 7
0 0
207 47
775 691
101 856
377 15
641 131
107 260
251 661
216 700
888 24
283 413
148 738
255 349
344 128
244 418
822 66
939 619
293 137
818 371
636 312
215 561
692 363
860 632
435 622
739 645
462 214
896 841
755 943
105 553
143 743
886 797
18 792
924 910
558 112
459 125
480 50
923 509
870 812
751 219
445 529
824 940
595 502
789 488
756 196
560 545
617 667
249 399
891 331
943 376
729 914
282 645
134 513
305 453
382 461
351 627
922 614
307 208
234 73
73 631
794 412
428 784
936 591
88 604
879 710
304 634
332 56
825 140
772 535
556 451
685 76
132 29
871 885
336 59
817 580
132 95
634 857
705 58
135 9
892 343
392 167
398 259
538 343
911 533
102 122
788 424
58 434
372 613
423 927
688 747
222 873
182 99
720 106
842 757
587 959
318 141
958 709
464 130
201 839
448 654
638 570
913 876
628 783
250 936
77 220
856 257
294 266
614 686
170 861
531 48
169 951
940 356
786 770
912 386
138 46
792 399
229 126
699 528
364 372
312 107
565 867
909 868
454 822
799 56
790 726
904 499
811 853
39 490
626 479
395 438
512 951
310 203
87 124
209 560
830 142
919 206
766 103
207 165
465 223
44 568
15 272
68 910
122 407
776 831
150 61
699 519
264 576
666 34
881 628
286 796
100 526
703 554
279 522
454 893
309 704
277 14
92 902
212 734
394 447
737 159
752 105
961 889
388 112
820 391
160 449
662 90
336 52
638 431
110 946
774 346
828 902
522 761
741 821
111 676
851 803
504 499
445 802
474 150
816 25
359 391
78 115
608 221
629 326
21 6
355 274
429 582
630 388
71 244
290 41
886 296
171 202
274 266
213 322
503 746
393 506
867 785
167 574
96 679
575 675
71 91
693 804
572 364
426 155
304 514
743 923
146 404
163 596
566 669
800 402
338 127
815 435
133 874
758 390
865 249
603 151
6 438
894 381
325 551
418 409
920 323
640 29
914 210
43 65
194 452
313 225
657 960
117 678
578 410
237 935
945 847
711 702
537 609
621 477
903 738
648 532
744 440
708 404
543 230
221 863
796 467
724 885
860 750
684 473
643 663
619 81
53 92
116 916
110 728
280 649
848 444
267 836
216 745
302 209
324 900
252 235
271 769
896 334
869 424
475 158
620 352
302 791
345 228
432 253
554 707
80 586
298 123
835 802
276 190
855 732
51 546
183 557
682 931
253 446
712 36
811 149
816 197
846 35
524 593
396 456
121 625
46 831
482 723
815 687
350 248
648 704
378 680
375 262
611 481
408 166
70 178
275 283
626 589
223 389
562 870
232 186
764 598
671 458
632 246
702 635
664 845
201 906
496 755
618 826
153 256
492 109
624 594
161 935
386 598
955 256
733 723
854 456
727 406
869 547
655 113
211 946
269 519
903 536
961 119
949 825
604 662
752 722
468 232
42 771
617 515
217 842
210 141
54 436
536 83
14 293
371 188
485 606
447 117
774 775
145 459
929 944
482 507
559 754
571 268
883 905
180 863
569 181
713 901
299 877
728 820
911 460
859 673
4 331
845 87
947 403
899 49
420 442
715 185
315 777
529 769
298 931
850 354
400 707
839 823
335 819
878 213
500 1
455 471
243 525
384 865
394 759
577 615
514 590
472 647
508 406
510 532
664 742
78 19
642 285
882 477
310 849
226 520
838 74
837 174
605 466
397 601
49 597
917 168
572 254
417 581
218 875
651 349
288 890
138 289
195 39
115 246
660 65
129 231
318 297
730 884
805 760
788 587
230 375
907 340
273 838
462 366
644 287
365 187
126 218
948 9
658 921
579 224
162 670
496 120
857 751
238 806
573 540
791 934
450 725
809 234
495 701
261 814
949 952
818 577
22 481
602 809
659 781
697 647
671 219
832 292
326 152
156 571
314 95
25 498
413 465
262 414
379 191
395 853
341 281
719 483
953 768
463 1
938 567
288 531
317 437
688 478
681 370
290 319
69 720
537 129
430 57
929 795
538 233
520 846
16 93
67 819
188 32
526 254
787 489
735 629
558 630
160 827
919 385
10 633
793 801
281 564
898 917
830 636
541 52
411 887
651 33
941 156
214 854
912 507
469 773
158 588
82 533
12 125
654 789
263 930
154 500
947 521
11 440
179 189
152 468
548 666
184 956
452 506
851 817
625 952
89 369
673 680
644 646
512 20
683 677
74 329
473 737
858 85
939 696
432 3
241 565
86 491
550 812
175 265
442 28
291 20
257 291
759 23
749 783
161 763
34 784
83 2
321 527
118 611
247 16
2 271
762 706
185 23
18 581
741 393
933 48
624 186
436 392
316 164
878 534
513 419
351 471
721 300
357 873
698 925
717 100
782 899
357 798
718 945
168 643
224 175
358 72
585 320
478 311
330 226
451 930
38 887
833 801
176 295
108 174
339 200
563 750
579 491
82 497
31 187
385 259
725 35
639 761
864 136
135 63
470 272
726 766
639 197
905 476
373 239
439 700
389 695
270 443
534 754
384 390
5 592
137 277
740 227
96 503
658 772
104 698
422 549
808 355
675 278
178 276
225 527
613 467
938 744
548 541
745 75
433 180
369 778
338 778
81 676
798 305
793 60
797 260
116 287
543 157
640 464
457 523
682 760
308 542
337 502
446 714
622 111
155 444
346 203
79 631
75 835
918 950
705 311
649 67
339 493
552 883
429 492
727 422
594 915
114 176
841 275
63 347
227 373
616 181
359 242
350 453
895 523
615 612
405 612
746 734
794 88
509 381
427 94
584 379
674 552
342 672
270 570
872 439
37 501
199 583
358 211
829 777
895 862
441 4
710 616
184 204
55 722
370 539
916 139
521 419
954 605
709 412
556 610
773 718
663 785
307 840
255 45
753 511
93 461
516 144
455 562
530 166
179 466
301 568
599 292
98 198
488 19
653 403
928 546
944 409
104 332
327 807
205 193
733 862
920 897
13 908
692 190
194 27
189 106
906 559
877 595
678 17
319 510
396 767
8 171
273 387
251 712
172 637
133 776
588 143
609 360
876 593
927 880
114 139
450 258
235 280
17 145
24 888
84 731
765 402
365 608
97 650
109 85
261 932
437 861
800 337
131 667
42 148
407 544
330 172
335 657
486 694
955 894
959 844
874 836
807 284
434 824
687 425
627 192
245 740
882 669
623 486
169 495
90 228
119 889
524 212
679 670
487 173
415 363
26 586
192 198
182 890
635 621
10 518
610 441
215 420
480 933
233 377
303 748
264 352
749 153
30 892
674 550
306 600
64 37
597 353
195 79
934 591
340 535
86 866
411 485
374 208
410 881
790 421
498 30
62 387
149 497
567 297
590 72
827 236
295 859
574 252
765 701
98 328
958 345
804 672
300 147
77 279
55 40
724 309
380 871
732 367
900 414
193 908
602 354
401 348
163 810
323 694
848 950
220 267
423 799
285 84
555 237
637 204
425 33
747 834
11 735
241 956
618 430
948 54
589 177
353 665
843 296
322 884
479 695
641 91
229 603
240 711
157 102
306 242
844 59
924 646
374 397
320 205
60 665
901 47
864 805
68 383
476 690
342 236
668 140
633 689
782 833
821 655
691 583
376 113
607 623
3 823
575 620
69 592
564 925
94 333
826 858
840 601
813 717
490 850
787 852
517 515
731 27
165 416
80 659
808 937
716 580
768 239
540 217
915 897
941 642
937 493
693 780
200 361
248 222
427 547
483 124
127 31
