1251
306 42
506 306
305 506
634 305
634 42
608 619
841 608
979 841
979 619
54 634
118 634
404 118
654 404
533 654
595 54
253 595
533 253
184 533
186 533
640 186
778 640
899 184
778 899
179 778
465 778
548 465
444 179
548 444
140 548
521 548
791 521
12 791
452 140
12 452
373 12
492 12
390 373
774 390
694 774
683 694
492 683
723 492
799 492
633 799
633 723
727 633
811 633
469 727
811 469
911 811
235 811
39 911
707 39
145 707
235 145
398 235
989 235
407 989
712 398
97 712
339 97
407 339
218 407
352 407
295 979
379 979
743 295
905 743
925 905
352 925
382 379
241 382
158 241
986 158
503 218
483 503
947 483
199 947
986 199
673 352
201 352
491 201
248 986
576 986
539 248
605 539
169 605
221 169
359 221
451 359
757 451
491 757
887 673
576 887
525 491
429 491
389 576
617 576
64 389
891 64
133 891
141 133
429 141
617 525
562 429
567 429
58 567
32 58
568 617
858 617
360 568
32 360
269 858
324 269
324 562
326 32
87 32
385 324
902 324
364 385
767 364
87 767
333 326
49 333
902 49
924 87
563 87
296 563
611 296
485 611
378 902
560 902
299 378
528 299
91 528
588 91
485 588
79 560
834 924
79 834
740 79
805 79
736 485
328 485
715 736
709 715
805 709
419 328
926 740
901 926
414 901
959 414
852 959
419 852
532 419
798 419
529 798
636 805
323 805
599 636
529 599
350 529
615 529
323 350
59 532
216 59
322 216
615 322
189 323
283 323
487 283
738 615
215 615
487 738
744 487
779 487
215 744
239 189
212 239
117 212
714 117
779 714
932 215
99 215
534 779
995 779
602 534
99 602
102 995
471 99
855 99
819 471
121 819
102 121
985 855
67 985
439 67
703 439
867 703
877 867
14 932
877 14
441 102
775 102
987 775
912 877
313 877
134 912
936 134
839 936
987 839
475 987
934 987
580 475
217 580
793 217
313 793
127 934
254 127
279 254
695 441
361 695
459 361
425 459
629 425
279 629
410 279
155 279
546 155
685 546
411 313
27 313
685 411
518 685
967 685
814 518
226 814
15 226
27 15
490 967
40 490
75 410
40 75
847 27
115 27
624 115
301 624
63 301
671 40
698 40
281 671
63 281
823 63
879 63
698 823
790 879
886 847
996 886
11 996
928 11
790 928
34 698
864 698
860 864
769 790
676 790
770 769
860 770
495 860
208 860
526 495
676 526
520 208
342 520
501 342
679 501
502 676
647 676
954 502
679 954
638 647
638 34
747 638
918 638
325 918
152 679
367 679
325 152
574 367
960 325
445 325
187 960
574 187
651 574
773 574
445 651
229 773
556 747
399 556
477 399
229 477
716 229
310 229
589 310
374 445
151 445
589 374
36 589
577 589
897 36
581 897
151 581
90 151
792 151
835 90
577 835
792 716
83 577
585 577
594 792
692 792
585 594
763 692
47 585
607 585
763 47
6 763
800 763
968 6
590 968
80 590
16 80
726 16
607 726
689 800
384 689
340 83
177 340
384 177
838 384
395 384
330 607
318 607
720 330
395 720
297 318
458 297
776 395
547 395
432 776
458 432
699 458
137 458
107 699
547 107
672 838
137 672
907 137
566 137
754 566
659 547
119 547
78 659
193 78
754 193
504 754
782 754
119 504
392 119
885 119
572 392
236 572
481 236
447 481
851 447
610 851
448 610
782 448
4 885
552 907
372 552
278 372
4 278
598 4
865 4
591 865
734 591
565 782
268 782
734 565
697 268
25 734
976 734
868 25
682 868
464 682
346 464
697 346
77 697
938 697
648 77
557 648
976 557
110 938
643 110
643 598
61 643
48 643
494 48
768 494
962 976
637 976
584 962
530 584
613 530
573 613
750 573
768 750
250 637
38 250
408 768
825 768
510 408
751 510
38 751
764 38
939 38
876 764
825 876
939 61
957 825
869 825
748 939
639 939
910 748
869 910
259 639
813 259
291 869
600 869
237 291
8 237
813 8
86 600
953 813
260 813
575 953
86 575
806 957
260 806
684 86
970 86
623 970
871 623
884 260
509 260
871 884
261 509
424 261
826 871
664 871
424 826
686 424
963 424
966 686
664 966
5 963
5 684
729 5
26 5
758 26
564 758
164 564
356 164
801 664
3 664
356 801
332 356
129 356
335 332
670 335
784 670
3 784
256 129
20 256
513 3
984 3
20 513
277 984
669 277
456 669
456 729
646 20
112 20
766 112
467 766
833 467
271 456
468 456
833 271
178 833
192 833
468 178
146 192
933 468
336 468
146 933
37 146
331 146
653 37
396 653
336 396
542 331
675 542
53 675
668 53
98 668
559 646
496 559
944 496
98 944
474 98
371 98
656 371
43 336
579 336
656 43
21 579
22 656
662 656
329 22
21 329
817 662
657 21
148 21
293 657
817 293
276 148
760 817
807 817
276 760
807 474
24 276
287 276
554 807
267 807
106 554
287 106
165 267
60 287
544 287
165 60
13 165
125 165
418 13
544 418
69 125
730 544
916 544
642 730
470 642
861 470
854 861
69 854
28 916
156 28
488 24
994 488
219 994
537 219
156 537
472 69
95 69
762 156
462 156
789 762
109 789
174 109
344 174
95 344
500 95
980 95
733 500
462 733
578 462
233 462
980 578
380 980
71 980
880 380
948 880
9 948
625 9
321 625
233 321
41 233
286 233
571 41
71 571
964 286
964 472
413 71
859 71
255 964
136 964
68 255
859 68
197 859
892 859
136 197
284 136
904 136
892 284
207 904
308 207
45 892
644 892
308 45
416 308
540 308
927 416
644 927
717 540
717 413
348 644
630 644
990 630
206 717
844 717
990 206
139 844
224 139
195 990
175 990
224 195
242 224
377 224
810 242
175 810
945 175
19 175
991 945
368 991
742 368
397 742
377 397
188 377
724 377
19 188
719 724
597 719
597 348
245 19
645 19
538 645
341 538
1 341
493 1
952 493
728 952
759 728
394 597
35 597
759 394
940 35
931 759
618 759
940 931
992 940
334 940
618 992
183 334
765 618
160 618
285 765
183 285
437 183
781 183
171 437
191 171
160 191
558 781
263 245
558 263
430 160
401 160
93 558
785 558
401 93
929 785
499 401
96 401
929 499
65 96
949 65
923 929
138 929
114 923
101 114
949 101
100 949
274 949
138 100
722 138
862 138
706 722
857 706
274 857
417 862
320 417
88 320
479 88
479 430
234 274
896 274
105 896
583 105
641 479
935 479
583 641
7 583
84 583
958 7
981 958
935 981
586 84
626 935
665 935
586 626
273 586
524 586
665 273
523 524
455 523
725 665
894 665
455 725
894 234
906 455
292 455
225 292
122 894
895 894
225 122
298 225
403 225
895 298
461 895
982 895
406 461
403 406
802 403
265 403
982 802
983 982
62 982
265 983
357 265
507 265
370 357
62 370
319 507
244 906
997 244
319 997
550 62
476 62
783 319
311 319
536 783
302 536
737 302
476 737
307 476
257 476
52 307
484 52
311 484
677 257
919 677
514 919
809 311
955 311
514 809
72 514
393 514
650 72
955 650
264 955
272 955
655 264
787 655
393 787
73 272
592 393
821 393
73 592
821 550
288 73
46 73
289 46
428 821
203 821
289 428
824 203
450 289
541 289
824 450
358 541
756 358
752 756
185 752
304 185
415 304
123 415
753 123
463 824
446 824
753 463
205 753
830 753
621 205
446 621
941 830
167 446
718 446
941 167
157 718
369 157
804 941
828 941
369 804
631 288
828 631
508 369
190 369
674 828
832 828
190 674
903 190
33 190
832 903
831 33
848 832
387 832
831 848
436 387
204 831
383 831
436 204
103 436
280 436
383 103
827 383
842 383
454 827
172 454
900 172
280 900
842 508
209 280
375 280
836 842
680 842
375 836
131 680
10 131
920 375
400 375
10 920
561 10
883 10
570 561
400 570
917 883
163 917
930 163
486 930
56 486
700 56
527 400
497 400
988 527
700 988
732 700
402 700
497 732
482 497
942 497
890 482
402 890
660 942
660 209
914 402
180 402
230 660
223 660
180 230
690 223
893 180
130 180
777 893
113 777
690 113
85 130
434 690
713 690
746 434
950 746
85 950
443 85
55 85
713 443
649 713
198 713
55 649
202 198
822 55
974 55
202 822
691 974
609 914
691 609
622 202
421 202
551 421
794 551
519 794
845 691
162 691
120 845
266 120
519 266
343 519
875 519
162 343
147 162
57 162
50 147
875 50
303 875
466 875
57 303
663 57
314 57
915 663
816 915
466 816
596 314
153 596
433 466
81 466
108 433
489 108
687 489
721 687
153 721
870 81
977 622
965 977
870 965
405 153
873 153
354 873
128 354
866 870
702 870
128 866
31 128
376 128
517 31
702 517
696 702
815 702
457 696
159 457
522 159
376 522
515 815
300 515
423 376
741 376
300 423
247 300
498 300
741 247
555 498
431 741
956 741
555 431
149 555
543 555
956 149
681 543
681 405
144 681
29 681
363 956
635 956
29 363
366 29
316 29
635 366
70 316
788 70
453 788
315 453
480 635
220 635
315 480
882 315
228 315
365 882
220 365
921 228
92 921
231 220
355 220
92 231
338 92
262 92
355 338
181 262
132 355
951 355
111 132
961 111
181 961
951 144
422 181
427 181
795 951
549 951
427 795
837 427
214 427
549 837
143 549
846 549
214 143
511 846
620 511
946 620
2 946
243 214
803 214
2 243
349 2
440 2
616 349
803 616
512 803
232 803
898 512
780 898
440 780
978 232
386 978
582 440
972 440
327 582
386 327
182 422
116 182
972 116
993 386
535 386
849 972
435 972
142 849
535 142
975 535
409 535
210 975
435 210
176 435
347 435
409 176
829 409
652 409
347 829
309 347
227 347
104 309
200 104
652 200
438 227
772 438
211 652
889 652
705 211
772 705
460 772
553 772
889 460
909 993
693 909
745 693
553 745
420 553
312 553
345 889
545 889
312 345
708 312
196 312
545 708
786 545
666 545
238 786
569 238
196 569
739 196
449 196
76 739
731 76
666 731
168 449
627 168
150 666
246 666
426 150
808 426
627 808
969 627
170 627
246 969
290 170
74 290
628 74
761 246
94 246
628 761
275 94
351 628
812 628
275 351
818 812
818 420
258 275
614 275
531 818
51 818
614 531
587 51
249 614
473 614
587 249
735 587
922 587
473 735
937 473
270 473
922 937
388 270
505 922
173 922
388 505
240 173
749 388
252 388
701 749
240 701
282 240
412 240
252 282
678 252
840 252
412 678
872 840
872 258
478 412
878 412
516 878
632 872
30 872
222 632
516 222
604 30
688 516
973 516
604 688
704 604
710 604
771 704
973 771
603 973
18 973
710 603
317 710
661 710
658 317
863 658
667 863
18 667
391 18
126 18
661 391
797 661
44 661
593 797
612 593
17 612
251 17
126 251
82 126
888 126
44 82
135 888
294 478
135 294
843 44
853 44
913 853
796 135
856 135
913 796
124 913
89 913
856 124
166 856
66 856
362 166
89 362
711 89
23 89
154 711
66 154
337 66
194 66
820 337
213 820
23 213
908 23
353 23
194 908
381 194
850 194
353 381
161 353
943 353
850 161
606 943
874 606
755 850
881 850
971 755
874 971
601 881
442 601
442 843
