1131
8 21
104 8
678 104
678 21
81 239
225 81
140 225
201 140
235 201
127 235
40 127
758 40
758 239
345 678
462 345
221 462
51 221
803 51
803 678
412 758
210 412
124 210
49 124
258 49
226 258
598 226
167 598
366 167
442 366
733 442
868 733
868 758
511 803
309 511
242 309
150 242
106 150
809 106
30 809
3 30
430 3
154 430
575 154
305 575
563 305
805 563
308 805
95 308
873 95
873 803
769 868
568 769
342 568
529 342
19 529
436 19
92 436
589 92
726 589
913 726
742 913
285 742
544 285
647 544
288 647
917 288
917 868
355 873
592 355
198 592
466 198
513 466
838 513
687 838
583 687
928 583
413 928
236 413
50 236
674 50
931 674
931 873
659 917
73 659
515 73
740 515
701 740
189 701
389 189
665 389
62 665
723 62
419 723
216 419
79 216
760 79
296 760
754 296
681 754
227 681
528 227
407 528
509 407
541 509
57 541
939 57
939 917
269 931
360 269
603 360
392 603
708 392
609 708
906 609
903 906
400 903
562 400
787 562
494 787
433 494
375 433
91 375
731 91
816 731
497 816
652 497
98 652
545 98
655 545
58 655
423 58
361 423
160 361
93 160
943 93
943 931
460 939
725 460
504 725
208 504
938 208
359 938
319 359
485 319
785 485
387 785
619 387
324 619
556 324
814 556
123 814
316 123
390 316
637 390
468 637
55 468
232 55
146 232
947 146
947 939
377 943
728 377
699 728
204 699
109 204
267 109
36 267
303 36
102 303
217 102
82 217
579 82
839 579
858 839
32 858
908 32
961 908
961 943
10 947
405 10
283 405
15 283
834 15
166 834
457 166
329 457
199 329
948 199
866 948
747 866
396 747
247 396
323 247
781 323
63 781
967 63
967 947
474 961
813 474
845 813
910 845
318 910
804 318
441 804
548 441
448 548
129 448
595 129
271 595
794 271
522 794
929 522
688 929
467 688
968 467
968 961
334 967
940 334
343 940
945 343
61 945
384 61
362 384
238 362
72 238
973 72
973 967
363 968
237 363
141 237
112 141
28 112
646 28
756 646
538 756
260 538
837 260
24 837
454 24
47 454
914 47
841 914
830 841
298 830
471 298
698 471
479 698
297 479
53 297
974 53
974 968
514 973
341 514
904 341
209 904
122 209
519 122
13 519
842 13
577 842
822 577
143 822
228 143
799 228
444 799
711 444
169 711
142 169
921 142
773 921
976 773
976 973
116 974
290 116
905 290
312 905
960 312
983 960
983 974
631 976
638 631
744 638
936 744
159 936
888 159
429 888
469 429
802 469
174 802
667 174
408 667
119 408
275 119
222 275
555 222
875 555
404 875
783 404
182 783
820 182
710 820
200 710
523 200
97 523
909 97
829 909
984 829
984 976
677 983
616 677
614 616
597 614
927 597
550 927
126 550
492 126
675 492
420 675
657 420
46 657
817 46
410 817
886 410
178 886
981 178
679 981
735 679
478 735
54 478
986 54
380 986
591 380
825 591
989 825
989 983
571 984
741 571
431 741
574 431
488 574
310 488
516 310
610 516
757 610
465 757
66 465
600 66
680 600
993 680
993 984
130 989
138 989
138 130
158 138
500 138
835 500
835 158
414 835
576 835
576 414
461 576
590 576
482 590
636 482
767 636
498 461
832 498
767 832
732 767
774 767
774 732
2 774
782 774
391 782
748 2
391 748
613 391
185 391
823 613
364 823
45 364
103 45
707 103
264 707
224 264
229 224
157 229
587 157
451 587
179 451
185 179
578 185
833 185
499 833
274 499
153 274
955 578
113 955
153 113
164 153
840 153
840 164
96 840
473 840
651 96
615 651
315 615
847 315
60 847
379 60
84 379
263 84
243 263
626 243
746 626
622 746
332 622
778 332
473 778
853 473
807 473
812 853
203 812
373 203
807 373
859 807
121 807
533 859
121 533
249 121
23 121
539 249
870 539
797 870
753 797
480 753
282 480
14 282
536 14
507 536
495 507
588 495
567 588
386 567
456 386
696 456
446 696
852 446
547 852
849 547
493 849
690 493
819 690
23 819
826 23
658 23
860 826
561 860
372 561
311 372
672 311
328 672
624 328
883 624
354 883
273 354
383 273
9 383
212 9
895 212
602 895
818 602
256 818
41 256
348 41
395 348
848 395
811 848
738 811
570 738
658 570
899 658
88 658
691 899
304 691
350 304
314 350
689 314
789 689
292 789
642 292
48 642
108 48
294 108
716 294
88 716
889 88
900 88
874 889
254 874
517 254
128 517
425 128
114 425
959 114
416 959
110 416
381 110
559 381
346 559
900 346
101 900
942 900
401 942
438 101
490 438
401 490
872 401
399 401
139 872
846 139
951 846
768 951
118 768
393 118
202 393
867 202
739 867
399 739
915 399
720 399
952 915
808 952
266 808
149 266
670 149
131 670
765 131
720 765
33 720
86 720
612 33
901 612
214 901
641 214
878 641
885 878
398 885
69 398
676 69
483 676
205 483
338 205
953 338
175 953
532 175
824 532
137 824
851 137
86 851
455 86
790 86
618 455
301 618
792 301
775 792
656 775
71 656
770 71
190 770
750 190
580 750
293 580
844 293
7 844
958 7
527 958
902 527
843 902
44 843
257 44
713 257
463 713
623 463
604 623
286 604
477 286
447 477
76 447
144 76
255 144
790 255
331 790
964 790
181 964
526 181
745 526
730 745
776 331
761 776
730 761
692 730
714 730
502 692
911 502
78 911
965 78
453 965
489 453
554 489
173 554
715 173
542 715
537 542
573 537
714 573
552 714
978 714
195 552
922 195
452 922
358 452
977 358
912 977
801 912
703 801
22 703
253 22
755 253
978 755
957 978
333 978
582 957
476 582
995 476
941 995
970 941
946 970
6 946
926 6
596 926
434 596
70 434
828 70
270 828
530 270
697 530
501 697
136 501
891 136
752 891
980 752
369 980
262 369
4 262
435 4
560 435
151 560
565 151
333 565
459 333
546 333
470 546
42 993
686 993
894 42
470 894
606 459
317 606
686 317
930 470
737 470
403 686
184 686
415 403
20 415
737 20
339 184
629 339
80 629
26 80
890 930
26 890
35 26
378 26
428 378
484 428
353 484
193 353
176 737
632 737
193 176
330 193
564 193
632 330
564 35
322 564
347 564
717 632
39 632
347 717
279 347
639 347
39 279
74 639
706 74
706 322
85 39
627 39
508 706
988 706
627 508
593 627
704 627
132 593
876 132
988 876
644 704
148 644
148 85
171 148
125 148
349 988
920 988
450 349
125 450
248 920
220 248
630 125
764 125
779 630
694 779
220 694
764 171
795 220
394 220
418 764
357 764
394 418
445 394
791 394
660 445
693 660
351 693
464 351
357 464
374 795
161 374
791 161
43 357
213 357
806 791
935 791
213 806
975 935
27 975
586 27
695 213
796 213
245 695
211 245
524 211
586 524
437 796
162 437
954 162
724 954
763 724
246 763
525 246
368 525
180 43
821 180
368 821
836 368
719 368
306 586
734 586
265 306
719 265
440 719
934 719
762 440
99 762
668 99
898 668
409 898
734 409
287 934
607 287
518 607
518 836
950 518
352 518
52 352
155 734
90 734
183 155
52 183
486 52
145 52
83 486
90 83
877 950
722 877
105 722
145 105
718 90
491 90
721 491
585 721
937 585
896 145
18 145
893 896
966 893
937 966
443 937
971 937
472 443
18 472
250 718
971 250
29 18
581 18
11 971
594 971
581 11
107 594
215 581
194 581
107 215
862 107
188 107
223 862
194 223
907 29
856 907
188 856
634 188
385 188
662 194
327 194
385 662
382 385
709 385
134 382
327 134
540 327
25 327
709 540
120 709
207 709
882 120
25 882
683 207
987 634
172 987
601 172
77 601
683 77
422 25
191 25
165 683
512 683
932 165
196 932
75 196
191 75
682 191
481 191
512 682
956 512
449 512
625 956
771 625
996 771
481 996
881 449
815 881
177 815
605 177
295 481
685 481
869 295
89 869
673 89
299 673
985 299
800 985
605 800
729 685
661 729
831 661
944 831
648 944
648 422
503 605
611 605
272 648
432 648
611 272
635 432
780 635
17 780
663 611
994 611
664 663
17 664
397 17
68 17
788 397
991 788
551 991
994 551
553 994
916 994
68 553
916 503
919 68
133 68
864 916
505 916
133 864
335 505
411 335
421 411
115 133
320 133
261 115
300 261
421 300
918 421
557 421
320 918
259 557
241 259
100 241
650 320
277 320
100 650
743 919
857 743
759 857
163 759
277 163
566 100
16 100
558 277
281 277
16 558
206 281
923 206
671 923
38 671
620 38
793 16
289 16
620 793
231 289
979 231
313 620
531 620
649 313
702 649
192 702
979 192
65 979
156 979
531 65
244 156
365 531
700 531
684 365
712 684
234 712
197 234
244 197
56 700
56 566
344 56
340 56
31 340
924 31
388 244
291 244
510 388
321 510
59 321
111 59
924 111
325 924
925 924
599 325
887 599
336 887
291 336
426 291
302 291
925 426
933 302
135 925
5 925
276 135
933 276
617 5
879 617
972 879
751 933
854 933
972 751
969 854
1 344
969 1
784 969
34 969
897 34
496 972
406 972
897 496
187 406
880 897
371 897
810 880
187 810
645 187
87 187
417 645
371 417
370 87
640 371
827 371
370 640
705 827
521 370
608 370
653 521
705 653
284 705
230 705
749 284
608 749
777 230
863 777
621 863
170 621
949 170
117 608
376 608
949 117
871 376
865 784
871 865
572 871
506 871
543 949
458 949
64 543
506 64
337 506
268 506
458 337
786 268
219 786
549 458
37 458
654 549
219 654
884 219
367 219
240 884
37 240
850 37
218 37
643 850
427 643
367 427
584 218
94 584
12 94
633 367
186 367
962 633
12 962
534 12
855 12
186 534
233 855
992 572
402 992
233 402
861 186
628 186
356 233
326 233
628 356
252 628
772 628
326 252
982 326
147 326
772 982
727 147
67 727
487 67
152 487
278 772
666 772
569 278
152 569
963 152
424 152
666 963
535 666
168 666
424 535
669 168
439 424
251 424
669 439
736 669
766 669
798 736
475 798
251 475
892 766
990 892
307 990
280 861
520 280
307 520
