971 971
267 267
508 508
684 684
454 454
533 533
10 10
60 60
32 32
176 176
579 579
511 511
424 424
445 445
623 623
101 101
71 71
490 490
205 205
193 193
19 19
698 698
140 140
597 597
223 223
187 187
944 944
643 643
133 133
505 505
257 257
752 752
199 199
649 649
301 301
924 924
488 488
56 56
49 49
936 936
777 777
163 163
931 931
825 825
697 697
492 492
42 42
672 672
1 1
304 304
855 855
30 30
495 495
580 580
774 774
567 567
547 547
28 28
435 435
436 436
745 745
186 186
264 264
874 874
573 573
204 204
373 373
887 887
110 110
657 657
775 775
322 322
367 367
336 336
850 850
284 284
2 2
34 34
834 834
622 622
428 428
120 120
347 347
22 22
603 603
592 592
58 58
940 940
489 489
487 487
860 860
290 290
225 225
296 296
586 586
277 277
281 281
516 516
84 84
316 316
919 919
259 259
736 736
132 132
118 118
198 198
145 145
584 584
538 538
465 465
443 443
918 918
129 129
796 796
679 679
892 892
241 241
879 879
578 578
55 55
161 161
545 545
781 781
685 685
620 620
717 717
798 798
8 8
228 228
844 844
292 292
210 210
378 378
633 633
356 356
693 693
396 396
388 388
119 119
687 687
79 79
509 509
385 385
691 691
447 447
297 297
515 515
180 180
682 682
537 537
629 629
337 337
114 114
881 881
491 491
382 382
166 166
828 828
714 714
53 53
841 841
656 656
213 213
711 711
453 453
349 349
702 702
595 595
104 104
845 845
838 838
218 218
541 541
128 128
690 690
803 803
408 408
171 171
707 707
577 577
524 524
896 896
235 235
17 17
197 197
263 263
800 800
609 609
249 249
269 269
387 387
355 355
842 842
469 469
230 230
943 943
715 715
320 320
636 636
85 85
46 46
250 250
89 89
12 12
572 572
256 256
57 57
903 903
632 632
353 353
11 11
916 916
51 51
401 401
565 565
451 451
969 969
733 733
751 751
151 151
246 246
137 137
823 823
45 45
552 552
756 756
532 532
824 824
630 630
305 305
460 460
503 503
369 369
26 26
429 429
826 826
33 33
768 768
170 170
274 274
624 624
753 753
456 456
20 20
258 258
900 900
457 457
652 652
737 737
852 852
799 799
880 880
345 345
701 701
136 136
536 536
744 744
926 926
255 255
769 769
807 807
653 653
755 755
817 817
762 762
970 970
44 44
558 558
231 231
930 930
749 749
654 654
211 211
410 410
94 94
178 178
141 141
504 504
103 103
155 155
960 960
289 289
590 590
317 317
923 923
710 710
135 135
217 217
909 909
802 802
143 143
750 750
671 671
588 588
105 105
574 574
62 62
779 779
179 179
921 921
88 88
525 525
725 725
341 341
735 735
98 98
895 895
167 167
375 375
915 915
778 778
801 801
540 540
696 696
486 486
645 645
843 843
409 409
942 942
276 276
500 500
631 631
87 87
543 543
650 650
946 946
832 832
77 77
65 65
444 444
83 83
581 581
268 268
862 862
856 856
293 293
857 857
883 883
904 904
329 329
463 463
406 406
222 222
757 757
394 394
911 911
153 153
86 86
380 380
519 519
675 675
706 706
596 596
159 159
31 31
207 207
283 283
784 784
100 100
906 906
202 202
478 478
360 360
529 529
719 719
713 713
266 266
35 35
955 955
920 920
659 659
224 224
358 358
728 728
139 139
612 612
107 107
219 219
772 772
24 24
285 285
699 699
420 420
513 513
323 323
761 761
526 526
727 727
470 470
848 848
786 786
949 949
704 704
315 315
611 611
703 703
638 638
670 670
220 220
348 348
441 441
306 306
494 494
902 902
806 806
245 245
770 770
392 392
520 520
851 851
350 350
344 344
372 372
172 172
527 527
789 789
270 270
531 531
158 158
455 455
309 309
564 564
476 476
760 760
889 889
922 922
549 549
569 569
601 601
214 214
195 195
433 433
242 242
666 666
747 747
117 117
952 952
421 421
861 861
475 475
108 108
908 908
165 165
648 648
365 365
111 111
412 412
72 72
743 743
600 600
815 815
243 243
177 177
626 626
831 831
870 870
352 352
462 462
383 383
502 502
818 818
123 123
821 821
430 430
830 830
154 154
446 446
3 3
561 561
518 518
25 25
379 379
484 484
681 681
330 330
339 339
389 389
905 905
910 910
935 935
279 279
191 191
437 437
23 23
967 967
859 859
954 954
411 411
726 726
720 720
550 550
272 272
901 901
683 683
318 318
884 884
548 548
604 604
185 185
74 74
674 674
501 501
621 621
278 278
319 319
450 450
594 594
885 885
466 466
914 914
48 48
893 893
368 368
971 971
741 741
9 9
576 576
939 939
562 562
722 722
890 890
763 763
925 925
226 226
829 829
605 605
273 273
52 52
641 641
357 357
16 16
78 78
160 160
303 303
464 464
614 614
164 164
109 109
311 311
963 963
106 106
188 188
215 215
229 229
90 90
535 535
208 208
307 307
512 512
780 780
812 812
678 678
366 366
300 300
783 783
635 635
530 530
261 261
962 962
521 521
275 275
43 43
173 173
637 637
404 404
868 868
754 754
506 506
934 934
660 660
840 840
928 928
76 76
882 882
449 449
432 432
814 814
791 791
402 402
539 539
338 338
647 647
607 607
27 27
738 738
169 169
794 794
950 950
473 473
398 398
240 240
150 150
694 694
746 746
891 891
4 4
425 425
732 732
619 619
168 168
422 422
695 695
676 676
299 299
854 854
458 458
423 423
680 680
514 514
894 894
964 964
869 869
232 232
288 288
606 606
468 468
38 38
381 381
227 227
96 96
788 788
70 70
102 102
554 554
705 705
146 146
15 15
886 886
67 67
767 767
471 471
593 593
97 97
194 194
929 929
413 413
716 716
616 616
399 399
418 418
945 945
795 795
248 248
813 813
765 765
568 568
5 5
251 251
888 888
563 563
467 467
80 80
664 664
113 113
131 131
312 312
667 667
863 863
148 148
147 147
29 29
61 61
64 64
294 294
190 190
729 729
69 69
640 640
663 663
50 50
628 628
819 819
93 93
938 938
507 507
175 175
497 497
386 386
252 252
847 847
233 233
897 897
298 298
377 377
313 313
867 867
566 566
740 740
328 328
739 739
295 295
73 73
395 395
692 692
582 582
481 481
397 397
876 876
759 759
361 361
686 686
479 479
493 493
646 646
523 523
157 157
200 200
878 878
144 144
907 907
346 346
6 6
124 124
555 555
7 7
833 833
13 13
302 302
873 873
957 957
557 557
610 610
334 334
517 517
959 959
14 14
37 37
236 236
95 95
482 482
496 496
932 932
587 587
212 212
718 718
244 244
239 239
822 822
196 196
712 712
321 321
265 265
81 81
324 324
427 427
599 599
585 585
639 639
965 965
474 474
472 472
162 162
522 522
234 234
591 591
913 913
92 92
730 730
314 314
371 371
325 325
370 370
134 134
393 393
917 917
773 773
677 677
510 510
391 391
961 961
354 354
416 416
655 655
271 271
951 951
221 221
865 865
551 551
483 483
808 808
125 125
407 407
839 839
748 748
947 947
669 669
75 75
627 627
785 785
390 390
477 477
116 116
216 216
480 480
898 898
835 835
958 958
364 364
149 149
598 598
91 91
742 742
853 853
858 858
485 485
734 734
899 899
363 363
846 846
658 658
39 39
342 342
625 625
335 335
184 184
431 431
63 63
723 723
183 183
201 201
127 127
308 308
673 673
384 384
286 286
189 189
771 771
608 608
956 956
461 461
937 937
953 953
206 206
448 448
560 560
254 254
810 810
556 556
816 816
613 613
544 544
589 589
331 331
374 374
280 280
864 864
528 528
634 634
333 333
966 966
642 642
327 327
68 68
618 618
782 782
724 724
941 941
40 40
820 820
376 376
326 326
709 709
644 644
82 82
138 138
99 99
776 776
542 542
792 792
203 203
36 36
434 434
419 419
405 405
417 417
546 546
615 615
811 811
804 804
837 837
18 18
21 21
787 787
262 262
668 668
559 559
142 142
617 617
809 809
156 156
872 872
571 571
400 400
534 534
122 122
498 498
174 174
721 721
602 602
414 414
700 700
662 662
758 758
912 912
359 359
362 362
790 790
310 310
708 708
866 866
553 553
152 152
209 209
253 253
41 41
927 927
452 452
260 260
583 583
426 426
66 66
877 877
836 836
827 827
968 968
332 332
121 121
797 797
282 282
192 192
499 499
849 849
731 731
291 291
351 351
115 115
805 805
689 689
933 933
415 415
247 247
47 47
661 661
793 793
238 238
766 766
440 440
442 442
287 287
237 237
340 340
403 403
665 665
112 112
948 948
871 871
439 439
126 126
182 182
875 875
688 688
575 575
54 54
181 181
438 438
459 459
651 651
130 130
59 59
764 764
343 343
570 570
