1043
58 561
199 58
199 561
423 199
480 423
480 199
283 480
114 283
434 114
398 434
406 398
410 406
354 410
277 354
537 277
621 537
621 480
2 621
657 2
657 621
42 657
45 42
350 45
723 350
723 657
214 723
367 214
432 367
744 432
737 744
520 737
278 520
560 278
408 560
768 408
768 723
120 768
403 120
379 403
595 379
793 595
793 768
234 793
174 234
766 174
238 766
662 238
146 662
540 146
172 540
672 172
720 672
678 720
747 678
208 747
498 208
131 498
303 131
806 303
597 806
707 597
186 707
237 186
670 237
527 670
153 527
521 153
590 521
808 590
808 793
816 808
800 816
336 800
706 336
468 706
427 468
695 427
60 695
685 60
822 685
822 808
683 822
291 683
314 291
233 314
267 233
698 267
603 698
195 603
871 195
871 822
86 871
875 86
689 875
543 689
842 543
426 842
65 426
874 65
342 874
189 342
364 189
714 364
584 714
450 584
411 450
809 411
340 809
882 340
882 871
14 882
835 14
328 835
594 328
534 594
677 534
769 677
309 769
215 309
646 215
439 646
602 439
84 602
280 84
872 280
414 872
348 414
889 348
889 882
722 889
204 722
26 204
136 26
18 136
574 18
250 574
904 250
904 889
175 904
256 175
732 256
643 732
154 643
788 154
27 788
489 27
67 489
691 67
246 691
499 246
124 499
801 124
323 801
22 323
389 22
799 389
914 799
914 904
415 914
240 415
133 240
308 133
337 308
405 337
761 405
640 761
352 640
518 352
148 518
605 148
385 605
915 385
915 914
315 915
588 315
438 588
906 438
109 906
919 109
919 915
493 919
920 493
920 919
585 920
94 585
586 94
625 586
294 625
547 294
669 547
531 669
451 531
284 451
116 284
482 116
856 482
886 856
668 886
224 668
635 224
321 635
329 321
771 329
513 771
38 513
857 38
486 857
923 486
923 920
663 923
157 663
655 157
516 655
113 516
333 113
304 333
96 304
651 96
883 651
818 883
475 818
102 475
817 102
932 817
932 923
90 932
212 90
511 212
615 511
716 615
641 716
525 641
573 525
222 573
839 222
934 839
934 932
339 934
381 339
279 381
351 279
137 351
263 137
300 263
161 300
617 161
748 617
614 748
101 614
178 101
589 178
938 589
938 934
345 938
305 345
776 305
474 776
556 474
23 556
288 23
343 288
80 343
270 80
575 270
139 575
830 139
465 830
563 465
616 563
877 616
778 877
341 778
742 341
541 742
939 541
939 938
629 939
501 629
876 501
937 876
25 937
393 25
591 393
946 591
946 939
636 946
656 636
169 656
757 169
802 757
601 802
55 601
879 55
823 879
255 823
686 255
508 686
306 508
900 306
206 900
936 206
583 936
210 583
44 210
422 44
881 422
81 881
63 81
5 63
311 5
836 311
552 836
951 552
951 946
165 951
764 165
841 764
228 841
467 228
815 467
362 815
579 362
648 579
149 648
837 149
600 837
485 600
910 485
649 910
885 649
192 885
276 192
551 276
370 551
150 370
684 150
957 684
957 951
704 957
878 704
85 878
82 85
750 82
958 750
958 957
285 958
457 285
484 457
623 484
211 623
400 211
581 400
286 581
962 286
962 958
296 962
203 296
402 203
693 402
721 693
726 721
193 726
576 193
945 576
838 945
532 838
32 532
767 32
6 767
413 6
555 413
7 555
578 7
236 578
77 236
384 77
970 384
970 962
701 970
79 701
791 79
705 791
449 705
863 449
479 863
359 479
100 359
565 100
260 565
610 260
819 610
436 819
933 436
392 933
770 392
803 770
316 803
926 316
975 926
975 970
831 975
782 831
191 782
298 191
331 298
631 331
162 631
853 162
1 853
196 1
968 196
239 968
135 239
557 135
916 557
445 916
10 445
487 10
725 487
73 725
781 73
718 781
310 718
458 310
322 458
976 322
976 975
918 976
783 918
201 783
20 201
433 20
241 433
971 241
780 971
452 780
925 452
729 925
75 729
151 75
524 151
483 524
349 483
231 349
409 231
188 409
905 188
924 905
727 924
671 727
517 671
180 517
713 180
717 713
977 717
977 976
369 977
869 369
251 869
187 251
832 187
741 832
763 741
865 763
891 865
358 891
699 358
496 699
533 496
907 533
24 907
261 24
47 261
931 47
619 931
972 619
896 972
786 896
940 786
593 940
961 593
645 961
461 645
868 461
978 868
978 977
160 978
371 978
955 371
955 160
118 955
375 955
653 118
443 653
675 443
387 675
365 387
320 365
372 320
313 372
654 313
913 654
554 913
442 554
335 442
674 335
665 674
582 665
738 582
171 738
459 171
299 459
225 299
68 225
827 68
227 827
908 227
74 908
463 74
917 463
292 917
375 292
376 375
441 375
529 441
117 529
117 376
424 117
173 117
253 424
437 253
265 437
679 265
217 679
54 217
455 54
190 455
13 190
173 13
535 173
712 173
730 535
867 730
703 867
850 703
319 850
754 319
71 754
456 71
435 456
909 435
209 909
220 209
488 220
712 488
373 712
751 712
431 373
845 431
644 845
528 644
504 528
912 504
78 912
609 78
407 609
606 407
666 606
607 666
268 607
751 268
743 751
185 751
244 743
125 244
745 125
269 745
49 269
144 49
230 144
293 230
807 293
558 807
390 558
185 390
29 185
48 185
811 29
711 811
779 711
785 779
70 785
248 70
361 248
497 361
48 497
464 48
106 48
545 464
129 545
61 129
119 61
164 119
226 164
472 226
247 472
697 247
826 697
505 826
612 505
566 612
152 566
16 152
66 16
207 66
592 207
397 592
824 397
620 824
200 620
106 200
366 106
829 106
412 366
469 412
611 469
661 611
571 661
538 571
181 538
829 181
559 829
630 829
852 559
19 852
257 19
325 257
34 325
15 34
344 15
731 344
112 731
652 112
163 652
93 163
51 93
630 51
549 630
860 630
108 549
281 108
633 281
421 633
353 421
219 353
834 219
758 834
503 758
777 503
418 777
553 418
596 553
43 596
775 43
903 775
948 903
860 948
849 860
62 860
287 849
787 287
134 787
861 134
21 861
844 21
62 844
847 62
864 62
126 864
184 126
327 184
394 327
544 394
494 544
130 494
123 130
454 123
628 454
138 628
111 138
121 111
650 121
243 650
235 243
377 235
377 847
859 377
873 377
254 859
682 254
599 682
894 599
622 894
52 622
334 52
500 334
618 500
873 618
103 873
530 873
492 103
680 492
4 680
774 4
753 774
35 753
580 35
687 580
895 687
430 895
399 430
91 399
893 91
530 893
568 530
490 530
275 568
89 275
290 89
613 290
242 613
115 242
107 115
728 107
31 728
64 31
317 64
216 317
495 216
491 495
205 491
30 205
104 30
676 104
202 676
470 202
820 470
902 820
332 902
176 332
735 176
57 735
569 57
796 569
490 796
810 490
681 490
911 810
814 911
330 814
825 330
681 825
567 681
159 681
888 567
221 888
734 221
97 734
805 97
930 805
929 930
401 929
444 401
762 444
177 762
168 177
821 168
598 821
884 598
197 884
760 197
626 760
688 626
258 688
797 258
159 797
892 159
356 159
147 892
440 147
833 440
572 833
935 572
318 935
282 318
264 282
813 264
921 813
506 921
105 506
145 105
659 145
9 659
272 9
46 272
252 46
510 252
460 510
69 460
512 69
356 512
132 356
740 356
295 132
690 295
388 690
784 388
420 784
638 420
658 638
156 658
647 156
289 647
927 289
128 927
346 128
262 346
140 262
749 140
942 749
854 942
8 854
95 8
577 95
166 577
922 166
122 922
466 122
355 466
56 355
740 56
404 740
843 740
570 404
624 570
708 624
789 708
953 789
792 953
41 792
12 41
347 12
855 347
604 855
790 604
447 790
899 447
338 899
477 338
696 477
709 696
76 709
301 76
843 301
870 843
954 843
954 870
155 954
141 954
481 155
944 481
28 944
266 28
943 266
425 943
956 425
396 956
710 396
539 710
692 539
667 692
828 667
664 828
36 664
383 36
141 383
746 141
959 141
550 746
959 550
963 959
759 959
448 963
386 448
897 386
502 897
391 502
87 391
478 87
312 478
846 312
719 846
960 719
949 960
110 949
218 110
417 218
840 417
795 840
702 795
213 702
950 213
755 950
715 755
307 715
509 307
50 509
158 50
759 158
964 759
92 759
548 964
471 548
182 471
363 182
637 363
765 637
694 765
536 694
947 536
324 947
378 324
798 378
92 798
736 92
965 92
700 965
887 700
974 887
395 974
519 395
419 519
98 419
733 98
194 733
179 194
179 736
804 179
374 179
851 804
862 851
523 862
360 523
59 360
127 59
223 127
380 223
966 380
794 966
546 794
564 546
17 564
357 17
374 357
88 374
476 374
515 88
167 515
11 167
952 11
901 952
739 901
880 739
170 880
967 170
522 967
462 522
416 462
229 416
53 229
858 53
429 858
249 429
639 249
627 639
3 627
476 3
969 476
259 476
673 969
812 673
890 812
259 890
39 259
40 259
37 39
302 37
752 302
83 752
542 83
428 542
232 428
453 232
514 453
973 514
271 973
632 271
99 632
526 99
773 526
40 773
928 40
446 40
368 928
724 368
382 724
660 382
848 660
297 848
326 297
143 326
473 143
866 473
587 866
507 587
634 507
608 634
245 608
562 245
979 562
183 979
274 183
33 274
642 33
142 642
72 142
941 72
898 941
273 898
198 273
756 198
772 756
446 772
