999 999
730 399
746 815
73 773
473 565
579 418
768 616
207 686
671 765
608 308
590 635
670 439
468 459
548 544
603 693
583 353
995 695
530 809
945 318
280 117
643 122
252 472
502 807
533 821
212 559
186 404
990 189
637 771
523 140
364 113
259 286
705 170
576 729
466 805
467 146
700 870
203 734
708 369
737 25
778 731
442 145
204 60
429 808
969 867
924 600
891 301
34 108
184 279
840 589
723 42
813 566
835 135
771 96
522 745
214 351
995 85
76 955
17 540
664 144
448 865
717 452
939 818
338 401
742 801
156 61
852 855
229 698
158 254
452 305
614 302
992 324
852 789
612 128
561 97
943 704
145 222
266 654
235 402
709 434
511 476
179 827
62 304
492 487
150 207
857 739
195 520
151 234
165 182
654 350
98 183
896 809
154 758
697 785
177 558
647 268
735 888
692 43
504 915
673 797
633 415
42 9
323 232
87 990
217 796
129 907
679 944
862 106
874 471
906 246
606 639
970 134
517 184
419 355
520 172
850 896
781 651
945 359
613 905
797 566
190 256
900 526
337 834
920 450
861 263
386 991
285 255
291 473
777 886
67 779
16 215
411 664
919 423
312 394
426 505
315 23
470 819
626 672
19 478
474 384
714 409
685 326
121 775
707 549
547 144
800 316
161 289
676 259
881 69
336 786
471 527
645 337
340 983
191 39
132 141
848 787
766 176
584 361
361 414
390 744
380 220
488 925
112 560
140 410
846 636
675 909
969 296
65 408
365 780
586 901
83 303
513 644
15 307
57 18
264 59
877 120
499 653
721 88
878 587
961 143
349 50
905 798
142 987
272 382
433 953
658 445
963 543
562 937
950 26
883 598
780 892
910 985
465 751
701 268
803 563
429 19
677 487
746 465
683 854
150 988
933 324
111 551
765 104
70 869
640 902
6 607
727 141
4 163
835 997
677 682
989 366
118 702
247 276
339 72
930 529
220 12
91 377
58 350
233 423
33 249
51 833
609 228
38 48
105 799
930 325
212 505
918 266
612 283
818 885
213 776
903 54
357 137
84 386
64 578
191 37
309 836
731 2
712 659
997 331
102 468
816 462
819 271
164 692
545 953
98 489
941 460
943 39
839 439
982 569
384 370
175 523
699 159
396 690
29 894
453 619
123 620
946 967
390 171
105 752
31 625
237 32
820 774
936 329
392 864
227 247
550 440
719 903
117 555
792 634
810 178
519 263
320 192
253 497
980 330
348 688
109 980
763 769
290 200
544 44
383 293
41 79
254 422
485 215
733 198
985 618
224 976
90 194
899 924
496 979
181 747
597 554
128 991
227 868
709 45
853 221
978 359
830 499
420 882
845 444
941 556
720 55
913 20
162 690
1 428
812 479
97 947
949 811
189 726
716 630
52 312
494 710
921 296
853 860
828 696
676 367
879 959
341 336
590 346
402 479
197 993
445 173
618 362
37 593
455 821
735 518
238 367
130 317
287 892
242 642
755 806
823 288
353 772
413 6
992 741
248 300
546 446
272 749
90 535
703 408
241 983
419 899
363 437
250 968
887 783
971 917
299 506
285 449
823 206
973 347
638 334
369 196
666 548
886 908
328 717
226 979
397 381
407 378
755 541
228 16
134 977
674 155
876 904
551 424
649 24
790 556
688 644
345 640
286 226
400 133
33 277
794 713
310 498
433 355
784 358
463 947
438 230
282 332
667 257
891 46
970 500
427 11
998 388
841 938
964 788
526 376
667 981
418 542
706 553
873 449
800 7
221 294
697 509
694 850
678 276
436 430
89 529
45 95
506 942
224 960
872 828
121 223
567 645
804 297
138 237
96 751
372 842
459 934
8 568
749 912
36 420
691 110
999 208
737 25
81 929
708 701
231 169
267 460
323 20
926 322
808 802
754 948
92 777
571 636
706 131
422 977
148 864
729 57
826 137
218 329
531 632
208 680
954 319
591 882
474 799
351 442
691 406
503 413
588 711
607 210
757 682
911 673
231 282
585 416
462 502
615 335
660 248
598 668
859 412
757 724
572 260
391 552
972 906
550 784
928 15
898 447
694 477
340 521
881 732
528 535
569 955
753 786
711 11
574 61
307 31
225 486
933 848
753 962
772 435
273 358
432 897
910 188
279 246
85 262
722 972
565 742
791 284
192 776
866 889
964 672
425 767
549 374
77 435
649 935
522 168
484 100
482 261
662 63
875 482
89 115
657 153
951 118
74 515
573 956
663 965
740 791
665 866
193 516
406 651
782 202
265 815
916 820
570 311
790 844
557 509
770 811
110 239
829 441
564 308
300 484
257 343
164 52
132 409
81 665
5 617
47 851
834 594
87 827
125 540
229 143
863 209
605 365
180 614
542 843
655 748
847 728
230 127
984 846
174 395
216 889
344 610
973 722
965 595
615 631
101 687
806 9
589 621
1 332
609 393
503 637
129 760
43 812
457 547
152 942
53 949
635 702
498 283
10 258
844 14
871 342
470 190
825 157
978 907
76 584
795 579
602 996
95 822
407 354
73 675
330 563
391 922
278 493
536 921
210 832
761 205
362 66
901 30
856 368
822 373
963 368
838 888
417 185
28 931
421 410
715 700
198 333
553 400
34 139
744 54
745 364
119 124
49 783
842 583
47 17
151 209
32 721
469 988
363 40
762 874
718 299
56 937
917 436
911 856
826 427
149 805
713 376
160 632
219 457
213 7
703 817
347 623
238 793
611 306
832 165
575 650
948 512
497 149
878 125
558 932
216 631
395 223
743 467
893 592
603 78
305 377
114 22
398 994
21 619
288 161
314 348
71 375
166 59
394 252
278 794
412 277
525 3
699 854
417 534
321 736
375 163
244 628
758 148
493 814
123 92
219 393
225 876
902 295
939 434
582 99
310 84
909 27
80 23
314 195
638 334
342 193
575 203
670 801
950 168
14 267
621 489
147 793
625 130
291 173
274 243
873 600
825 461
146 103
681 441
338 44
99 788
326 373
514 380
613 616
284 397
370 431
564 496
74 951
511 647
131 202
327 588
234 925
201 524
182 532
458 683
403 606
562 48
309 270
898 798
241 180
773 863
82 608
952 581
750 188
698 604
855 512
668 867
508 301
966 27
116 385
538 271
833 454
67 495
218 767
723 839
258 862
401 389
976 318
253 398
378 86
762 725
120 322
77 764
728 239
725 178
954 596
478 481
605 759
70 594
486 671
293 595
929 642
160 292
875 385
421 483
759 837
372 967
205 366
646 357
138 602
656 269
4 736
455 845
732 315
893 626
162 895
546 147
28 136
982 354
451 93
685 275
142 167
249 371
411 256
275 18
710 707
480 485
923 795
868 251
521 106
931 104
304 661
883 769
133 817
908 687
624 539
543 345
510 831
989 871
904 5
782 126
695 78
444 333
538 480
656 810
112 13
946 802
559 306
778 448
158 91
555 235
715 779
890 658
211 920
481 539
58 171
996 944
532 914
156 494
415 35
935 604
464 94
975 109
629 572
923 79
102 289
596 578
451 111
952 763
194 507
414 507
849 894
274 513
68 840
916 774
262 66
313 577
273 689
714 648
387 869
718 926
629 260
214 750
343 294
360 928
466 984
743 993
807 974
264 379
346 443
107 38
940 199
181 885
187 890
934 206
251 678
352 21
666 382
912 75
727 836
64 741
63 501
537 720
383 450
830 895
936 292
981 122
681 392
135 331
974 303
861 430
119 217
472 280
516 841
571 960
915 987
437 244
865 754
199 528
634 655
287 183
387 491
958 153
50 716
734 495
172 574
281 35
648 270
620 335
775 730
573 627
601 957
71 587
913 940
879 756
463 69
447 483
674 961
859 824
185 222
302 781
313 116
524 789
966 712
534 88
561 245
726 404
8 374
739 857
55 170
592 36
764 624
510 46
679 693
829 320
628 245
169 490
838 458
108 705
101 684
12 738
525 591
610 593
971 986
396 236
669 659
136 166
139 126
426 475
65 787
582 240
652 752
580 519
641 62
176 51
932 155
761 196
518 617
847 83
211 662
975 327
576 527
381 733
80 696
240 531
860 515
927 998
352 884
236 837
75 328
537 319
265 405
999 49
200 100
30 425
113 26
686 453
872 40
29 517
242 684
174 877
298 197
432 661
501 580
492 724
405 514
567 597
403 747
454 633
927 388
250 204
599 379
243 568
60 552
738 157
956 508
93 630
639 269
554 325
719 641
456 570
622 851
689 152
339 440
317 994
536 884
103 792
557 958
82 428
785 657
456 41
541 187
298 290
416 68
446 490
399 560
643 443
660 824
3 586
424 843
530 601
371 167
627 959
760 356
56 653
804 341
663 986
356 360
962 646
756 831
748 504
22 114
650 438
669 488
295 704
968 922
431 803
475 124
127 321
115 177
897 179
577 261
622 870
53 611
476 680
816 10
887 938
918 94
500 389
2 201
159 599
316 154
72 13
255 957
311 349
880 623
281 768
740 533
233 232
770 796
469 581
545 477
175 766
107 585
652 858
491 24
464 186
297 858
900 814
880 849
344 813
914 461
919 86
