394559852
394559852
394559852
394559852
394559852
394559852
394559852
394559852
394559852
647269906
647269906
574999978
474915344
553750431
154074481
141866780
571605103
254682947
491792611
491792611
924773703
259172085
310674079
310674079
310674079
310674079
310674079
787939311
607650198
607650198
607650198
607650198
51675129
51675129
51675129
51675129
51675129
51675129
51675129
51675129
51675129
788731735
788731735
788731735
788731735
261218927
261218927
261218927
261218927
894505352
894505352
894505352
894505352
894505352
894505352
894505352
894505352
894505352
894505352
894505352
926646795
612485471
612485471
612485471
91714417
283828922
283828922
919244456
919244456
498580688
498580688
498580688
498580688
498580688
161161997
902897320
324773447
324773447
707076957
707076957
907208788
907208788
925198906
925198906
397277957
397277957
397277957
397277957
397277957
397277957
765469216
765469216
317748194
317748194
317748194
317748194
317748194
317748194
317748194
317748194
317748194
317748194
164170916
164170916
164170916
713148924
412270586
412270586
412270586
412270586
412270586
412270586
412270586
412270586
831379259
831379259
831379259
831379259
179528783
322964772
322964772
322964772
322964772
436699248
436699248
436699248
605071373
605071373
605071373
605071373
605071373
605071373
605071373
597140104
597140104
350922945
495647174
495647174
495647174
495647174
495647174
655019497
175314323
175314323
175314323
175314323
175314323
874960281
128733598
128733598
128733598
128733598
128733598
128733598
128733598
870492929
202609301
202609301
202609301
781136980
781136980
781136980
114154649
114154649
114154649
114154649
106227145
106227145
106227145
106227145
106227145
106227145
598413747
686347683
686347683
686347683
686347683
665062110
416900320
416900320
359529311
359529311
359529311
359529311
359529311
359529311
359529311
359529311
359529311
771415512
771415512
771415512
771415512
771415512
771415512
771415512
771415512
771415512
223302705
223302705
679286834
571438655
571438655
571438655
571438655
763072711
763072711
763072711
763072711
763072711
763072711
763072711
763072711
763072711
763072711
763072711
763072711
763072711
79970374
79970374
6431258
6431258
6431258
511584878
511584878
511584878
511584878
877284202
877284202
877284202
27210268
27210268
584306040
584306040
416615488
752392538
752392538
752392538
990201112
990201112
990201112
990201112
990201112
990201112
348713025
348713025
348713025
348713025
348713025
348713025
833846254
833846254
833846254
833846254
833846254
833846254
833846254
126869879
126869879
844077218
844077218
844077218
844077218
844077218
908180902
908180902
908180902
335214211
28354705
28354705
28354705
117575319
117575319
117575319
117575319
117575319
117575319
457711982
457711982
144067540
731416239
731416239
585484052
585484052
140971752
278715255
249376559
249376559
249376559
249376559
127122811
127122811
402730206
402730206
452237002
534436558
534436558
903056103
903056103
762870030
762870030
762870030
762870030
762870030
762870030
685720440
86120793
86120793
356070190
356070190
356070190
415771460
186807516
186807516
186807516
657969344
657969344
657969344
657969344
797902600
797902600
797902600
797902600
100071002
100071002
100071002
100071002
100071002
491133900
491133900
491133900
491133900
491133900
398982156
398982156
398982156
362593487
362593487
362593487
362593487
362593487
940988809
940988809
631148020
631148020
472384001
472384001
472384001
472384001
472384001
472384001
646612559
491738824
491738824
491738824
491738824
491738824
491738824
491738824
491738824
491738824
491738824
491738824
539798609
539798609
358900307
660490671
660490671
660490671
660490671
94504010
94504010
94504010
94504010
337120435
337120435
337120435
337120435
477069610
664624137
664624137
664624137
468114327
468114327
468114327
468114327
468114327
468114327
932821557
932821557
664224555
664224555
664224555
664224555
664224555
587230545
587230545
587230545
587230545
587230545
587230545
6021753
903557321
903557321
903557321
903557321
903557321
903557321
903557321
903557321
903557321
903557321
903557321
903557321
903557321
903557321
428475066
428475066
428475066
428475066
428475066
428475066
428475066
470731394
470731394
470731394
470731394
470731394
470731394
470731394
470731394
470731394
310726053
310726053
310726053
310726053
251862891
251862891
520036979
799592160
799592160
799592160
799592160
14921388
14921388
14921388
14921388
14921388
14921388
806132834
806132834
806132834
806132834
241774908
241774908
241774908
953253910
953253910
408817432
77512140
77512140
77512140
77512140
77512140
77512140
77512140
77512140
957030202
957030202
798279852
798279852
798279852
798279852
962980260
962980260
962980260
962980260
562491587
562491587
562491587
682984473
682984473
682984473
429723908
429723908
429723908
429723908
75140580
75140580
75140580
75140580
75140580
75140580
75140580
959770460
156328759
156328759
156328759
156328759
156328759
156328759
156328759
889232946
889232946
889232946
354830232
655178751
655178751
655178751
655178751
603944347
603944347
665108897
665108897
665108897
665108897
645322225
645322225
988894711
988894711
446057418
446057418
446057418
446057418
446057418
446057418
127333721
127333721
127333721
598785682
598785682
541281331
541281331
541281331
541281331
541281331
541281331
547264196
547264196
547264196
522587638
698227948
698227948
698227948
698227948
775956925
775956925
775956925
775956925
775956925
775956925
609064276
609064276
609064276
609064276
344782483
344782483
479225741
479225741
479225741
479225741
811333776
418828027
418828027
418828027
418828027
418828027
418828027
418828027
418828027
418828027
418828027
418828027
418828027
503550295
503550295
503550295
503550295
503550295
503550295
503550295
112353062
112353062
112353062
112353062
112353062
112353062
633928432
633928432
633928432
633928432
633928432
633928432
633928432
633928432
51431565
51431565
51431565
51431565
51431565
51431565
51431565
51431565
51431565
182897088
353136131
353136131
353136131
353136131
286593251
286593251
381933292
381933292
381933292
381933292
381933292
381933292
381933292
823304821
823304821
823304821
701124309
701124309
701124309
701124309
701124309
701124309
701124309
701124309
701124309
701124309
701124309
521279059
39250899
39250899
295546824
295546824
295546824
944204764
161377036
161377036
141085653
141085653
727174970
727174970
508010260
508010260
508010260
508010260
508010260
694226231
694226231
694226231
694226231
694226231
817874262
817874262
817874262
817874262
631721349
631721349
631721349
631721349
631721349
269922085
935525407
632960445
632960445
632960445
147252139
147252139
147252139
178252262
810937329
810937329
810937329
810937329
403866581
403866581
403866581
403866581
403866581
403866581
403866581
650083020
650083020
650083020
375027425
375027425
227900494
227900494
511527139
601904931
601904931
601904931
531334454
531334454
727988140
727988140
727988140
661822514
661822514
661822514
661822514
509432325
509432325
509432325
509432325
509432325
717719529
717719529
717719529
717719529
76487782
76487782
76487782
76487782
76487782
76487782
76487782
213808554
725836686
725836686
725836686
725836686
973252728
896076338
896076338
896076338
896076338
896076338
896076338
896076338
896076338
896076338
896076338
896076338
896076338
896076338
215454840
215454840
215454840
215454840
215454840
215454840
215454840
388802460
388802460
388802460
388802460
388802460
388802460
388802460
388802460
388802460
388802460
388802460
545236179
545236179
545236179
545236179
218844794
218844794
218844794
218844794
218844794
720539356
720539356
720539356
720539356
720539356
720539356
720539356
720539356
686543218
686543218
686543218
622871665
631663824
631663824
216999443
216999443
216999443
514946266
865979914
865979914
865979914
865979914
865979914
865979914
16240260
16240260
16240260
16240260
16240260
16240260
16240260
16240260
16240260
16240260
16240260
16240260
16240260
16240260
39313011
39313011
297462585
297462585
297462585
297462585
297462585
297462585
297462585
955542574
955542574
955542574
955542574
955542574
955542574
955542574
955542574
954250763
954250763
954250763
543037755
543037755
543037755
543037755
543037755
543037755
543037755
543037755
543037755
543037755
860543861
58917649
58917649
58917649
58917649
58917649
823346912
823346912
823346912
823346912
823346912
670726441
670726441
407180938
407180938
407180938
407180938
407180938
407180938
407180938
732705207
732705207
732705207
732705207
732705207
732705207
732705207
732705207
657612501
980518385
980518385
980518385
980518385
980518385
980518385
980518385
980518385
980518385
980518385
639782276
639782276
639782276
639782276
639782276
642445453
642445453
642445453
772078897
772078897
772078897
772078897
772078897
772078897
772078897
298263692
242620290
242620290
496434421
496434421
496434421
561626441
561626441
561626441
561626441
561626441
561626441
561626441
561626441
561626441
561626441
81507017
81507017
904147064
904147064
904147064
904147064
904147064
674511533
982964360
186644621
593080816
593080816
593080816
593080816
593080816
593080816
587963443
587963443
818128450
818128450
818128450
818128450
47675690
47675690
47675690
47675690
47675690
47675690
47675690
47675690
675593301
675593301
675593301
899697384
8113127
8113127
8113127
840119183
840119183
840119183
840119183
2470936
2470936
337337013
337337013
337337013
337337013
337337013
63450152
42144508
42144508
42144508
42144508
644150305
644150305
644150305
644150305
644150305
531387561
531387561
178711342
178711342
178711342
178711342
423306157
423306157
423306157
423306157
423306157
423306157
423306157
423306157
423306157
423306157
423306157
333322874
757990272
757990272
757990272
757990272
939358423
939358423
939358423
939358423
939358423
73670114
73670114
73670114
73670114
73670114
59390418
59390418
59390418
100873718
100873718
100873718
100873718
100873718
815736990
815736990
174672667
174672667
408929164
635902029
635902029
682139961
682139961
223051671
223051671
199226988
199226988
610394454
348938569
348938569
348938569
447904619
447904619
684454994
857186809
857186809
857186809
857186809
857186809
355915712
355915712
355915712
355915712
24748183
24748183
116554411
116554411
116554411
116554411
116554411
116554411
116554411
116554411
116554411
834999685
834999685
834999685
834999685
834999685
834999685
834999685
834999685
834999685
555490479
555490479
555490479
555490479
555490479
33358774
33358774
33358774
33358774
350982422
282095774
282095774
22781072
22781072
22781072
22781072
303019429
538255581
728504954
253840100
253840100
223616203
223616203
223616203
223616203
223616203
223616203
223616203
223616203
881070924
881070924
881070924
881070924
590222959
590222959
590222959
590222959
321161957
321161957
321161957
691417825
691417825
691417825
865055500
319629767
690255986
690255986
690255986
230710157
230710157
230710157
230710157
230710157
230710157
230710157
230710157
230710157
230710157
230710157
230710157
252167978
252167978
252167978
252167978
252167978
252167978
491879015
491879015
353527000
353527000
353527000
353527000
353527000
353527000
106783864
106783864
106783864
106783864
106783864
106783864
106783864
382513971
281221149
281221149
281221149
66428880
66428880
121447554
216232978
216232978
391302030
391302030
149389614
149389614
149389614
129315367
129315367
129315367
129315367
129315367
129315367
129315367
129315367
129315367
129315367
129315367
129315367
129315367
129315367
851487187
851487187
851487187
358185434
358185434
588709351
150316385
254473691
254473691
254473691
254473691
254473691
254473691
254473691
254473691
187107433
450376277
450376277
888894720
888894720
888894720
888894720
888894720
888894720
888894720
891130121
891130121
574649065
718371004
43681855
203534747
203534747
203534747
271608233
271608233
79627829
605494294
605494294
605494294
322252828
322252828
322252828
322252828
162989175
162989175
162989175
162989175
162989175
162989175
162989175
162989175
162989175
162989175
162989175
162989175
162989175
162989175
162989175
910045574
910045574
748222549
748222549
748222549
584208588
584208588
584208588
584208588
584208588
584208588
584208588
584208588
721016913
721016913
977516216
977516216
176058847
176058847
176058847
176058847
176058847
176058847
455987219
455987219
455987219
421381070
421381070
421381070
421381070
421381070
421381070
421381070
421381070
421381070
421381070
421381070
497968138
497968138
35252977
35252977
516001234
516001234
77489914
77489914
77489914
77489914
77489914
77489914
77489914
67679394
439850724
439850724
697444255
697444255
697444255
697444255
870094193
564619791
564619791
564619791
564619791
564619791
564619791
564619791
564619791
564619791
211380666
653977011
653977011
653977011
653977011
440054028
440054028
440054028
440054028
95917812
883655323
883655323
883655323
883655323
883655323
883655323
883655323
551668448
551668448
551668448
551668448
551668448
638700182
638700182
638700182
638700182
638700182
638700182
16972738
808576648
656934380
656934380
656934380
656934380
656934380
847350586
847350586
847350586
847350586
847350586
847350586
847350586
847350586
847350586
847350586
434335181
434335181
434335181
324699260
324699260
324699260
324699260
324699260
701766007
701766007
701766007
913686259
913686259
614039528
614039528
614039528
614039528
178726184
178726184
470350915
470350915
946332156
602644116
602644116
602644116
403339028
403339028
989945744
989945744
989945744
989945744
989945744
108132822
907855585
907855585
900163073
900163073
900163073
900163073
900163073
900163073
900163073
1552123
1552123
1552123
1552123
1552123
1552123
1552123
1552123
1552123
1552123
1552123
1552123
1552123
1552123
1552123
1552123
1552123
1552123
963495865
963495865
557752683
557752683
25150103
900407169
900407169
900407169
900407169
744854186
744854186
275255841
609061805
609061805
609061805
609061805
609061805
609061805
609061805
609061805
609061805
609061805
609061805
609061805
350225507
350225507
350225507
350225507
350225507
350225507
190894635
912104585
240715940
240715940
914289728
789102277
208755350
208755350
208755350
208755350
208755350
208755350
208755350
208755350
208755350
208755350
208755350
826694075
826694075
887127097
887127097
887127097
84729462
84729462
84729462
84729462
84729462
84729462
84729462
251706450
714452429
714452429
714452429
714452429
714452429
714452429
714452429
890939304
890939304
890939304
890939304
890939304
890939304
890939304
890939304
802841944
802841944
802841944
802841944
802841944
802841944
802841944
802841944
884657926
884657926
630195320
439228229
439228229
467720694
467720694
467720694
467720694
89734079
89734079
89734079
849941543
849941543
849941543
981717206
981717206
981717206
218166346
218166346
218166346
218166346
218166346
218166346
288730662
288730662
288730662
288730662
288730662
2309488
2309488
2309488
2309488
2309488
2309488
2309488
2309488
2309488
18567171
94537166
94537166
94537166
596272332
26936696
26936696
773333361
773333361
773333361
773333361
773333361
560317648
560317648
616776466
616776466
616776466
616776466
616776466
616776466
616776466
616776466
616776466
739201825
739201825
739201825
739201825
739201825
739201825
739201825
739201825
591187242
591187242
591187242
341317031
341317031
627366808
627366808
975910420
891966518
891966518
358903547
869441634
869441634
869441634
18425878
18425878
18425878
18425878
18425878
18425878
18425878
18425878
59062307
411713597
411713597
411713597
698449479
698449479
698449479
698449479
698449479
698449479
698449479
698449479
698449479
956865369
956865369
956865369
956865369
956865369
956865369
956865369
956865369
956865369
956865369
956865369
956865369
956865369
224629633
224629633
532297557
108419061
108419061
108419061
554904101
554904101
325355964
818077423
818077423
818077423
818077423
818077423
818077423
818077423
818077423
818077423
818077423
818077423
818077423
818077423
818077423
818077423
818077423
818077423
818077423
818077423
819916237
819916237
819916237
819916237
819916237
819916237
68940347
531903690
531903690
531903690
531903690
531903690
817504404
817504404
817504404
817504404
817504404
817504404
817504404
944145613
944145613
546582437
546582437
546582437
546582437
546582437
52004507
52004507
111088218
111088218
111088218
111088218
111088218
111088218
111088218
111088218
111088218
111088218
111088218
111088218
274219628
897216233
897216233
897216233
897216233
126627000
126627000
126627000
350875797
350875797
350875797
350875797
350875797
624892066
624892066
624892066
624892066
624892066
624892066
624892066
604746904
984498699
984498699
984498699
984498699
984498699
984498699
984498699
465404995
465404995
163667922
814945717
814945717
814945717
814945717
814945717
814945717
814945717
814945717
814945717
814945717
814945717
814945717
987235920
987235920
806237063
946141697
946141697
861843074
131673636
131673636
131673636
131673636
131673636
858072926
610842281
610842281
610842281
610842281
610842281
610842281
610842281
7905018
457767943
457767943
457767943
903756659
903756659
903756659
903756659
9799556
9799556
9799556
9799556
9799556
9799556
786221615
786221615
891538003
891538003
891538003
891538003
891538003
891538003
891538003
891538003
891538003
891538003
891538003
891538003
977855875
977855875
692885854
692885854
692885854
692885854
891743012
891743012
891743012
891743012
891743012
891743012
891743012
607268741
607268741
921593222
921593222
921593222
921593222
750559452
750559452
750559452
750559452
750559452
533323347
533323347
446409767
555385699
555385699
555385699
659429
659429
73904191
73904191
73904191
73904191
73904191
692296471
709308508
709308508
709308508
571842924
634251410
634251410
380936918
589741496
39098449
11379327
481696105
74535239
430453926
430453926
430453926
922569270
922569270
922569270
922569270
922569270
922569270
922569270
576402613
868778554
868778554
868778554
797805385
797805385
797805385
817168833
817168833
817168833
620512187
760377324
760377324
760377324
21187372
21187372
21187372
21187372
21187372
21187372
21187372
21187372
21187372
21187372
21187372
613536620
979750003
979750003
979750003
979750003
979750003
979750003
706937455
706937455
831973878
831973878
831973878
831973878
831973878
831973878
820469353
820469353
767915551
767915551
767915551
767915551
767915551
767915551
767915551
767915551
767915551
767915551
767915551
767915551
767915551
723162940
598694045
598694045
598694045
598694045
598694045
598694045
658085392
658085392
658085392
395310834
395310834
385468977
156610120
156610120
156610120
116075862
116075862
116075862
116075862
116075862
116075862
587920245
587920245
587920245
587920245
218027228
218027228
218027228
218027228
218027228
218027228
956717209
956717209
956717209
956717209
956717209
956717209
956717209
956717209
954597990
954597990
954597990
954597990
954597990
954597990
954597990
118260231
184451260
154118053
154118053
154118053
293160220
293160220
521976082
521976082
521976082
521976082
521976082
521976082
521976082
89849565
89849565
89849565
89849565
140358600
140358600
140358600
420406137
420406137
420406137
420406137
16329455
16329455
16329455
16329455
808842755
842436905
842436905
842436905
842436905
842436905
842436905
197097682
507888743
274060375
274060375
274060375
274060375
274060375
274060375
274060375
307607805
307607805
933562358
933562358
933562358
204302703
204302703
204302703
204302703
204302703
204302703
204302703
847366101
847366101
847366101
836449070
836449070
724636232
724636232
724636232
921525898
921525898
921525898
921525898
921525898
921525898
921525898
921525898
921525898
921525898
921525898
921525898
921525898
921525898
105395972
105395972
105395972
105395972
617753722
91324282
91324282
931669762
200026284
200026284
200026284
506071463
506071463
506071463
506071463
506071463
506071463
506071463
506071463
506071463
53194659
53194659
53194659
53194659
53194659
53194659
53194659
53194659
53194659
53194659
53194659
53194659
53194659
53194659
53194659
318563323
344670512
344670512
69220288
69220288
674215296
674215296
674215296
674215296
674215296
674215296
674215296
674215296
674215296
61595547
61595547
525020599
525020599
525020599
525020599
525020599
525020599
525020599
335058694
158496687
158496687
158496687
158496687
158496687
213551856
213551856
147426660
147426660
147426660
147426660
147426660
159933065
880499619
880499619
880499619
253719866
574064
828189908
828189908
229200070
229200070
229200070
229200070
493714591
493714591
493714591
493714591
493714591
493714591
522496346
522496346
522496346
522496346
465477141
465477141
465477141
465477141
465477141
547223565
547223565
461713124
461713124
461713124
461713124
461713124
461713124
461713124
461713124
461713124
408751170
461508159
461508159
384846468
369876508
369876508
369876508
963844736
152574803
152574803
152574803
152574803
152574803
152574803
425082586
739211642
658038237
658038237
658038237
658038237
669632246
669632246
669632246
63875366
63875366
63875366
455512881
455512881
455512881
455512881
455512881
455512881
455512881
153718039
153718039
646364737
646364737
646364737
646364737
646364737
646364737
646364737
690871019
690871019
690871019
690871019
690871019
690871019
690871019
690871019
690871019
690871019
690871019
690871019
504766365
504766365
504766365
351215657
403961486
403961486
912533866
816295359
816295359
816295359
816295359
816295359
816295359
816295359
816295359
816295359
816295359
816295359
816295359
895226120
895226120
895226120
895226120
895226120
895226120
895226120
895226120
895226120
895226120
895226120
895226120
895226120
895226120
895226120
895226120
895226120
895226120
895226120
895226120
161260999
161260999
995678516
995678516
995678516
995678516
995678516
224671017
224671017
224671017
224671017
224671017
758945786
758945786
758945786
758945786
758945786
597210976
597210976
597210976
803147975
803147975
983813403
121558164
121558164
121558164
121558164
121558164
121558164
121558164
693332917
693332917
693332917
693332917
693332917
693332917
7641838
875590251
875590251
875590251
875590251
862947296
38394872
367848662
367848662
367848662
367848662
367848662
367848662
367848662
367848662
367848662
860599094
860599094
860599094
683340928
683340928
99801527
99801527
99801527
740787903
740787903
740787903
740787903
740787903
740787903
400693015
77965916
230515495
53078256
976512739
969331468
969331468
969331468
128997716
128997716
128997716
954513345
954513345
325505086
960059288
960059288
960059288
960059288
960059288
960059288
960059288
593481841
593481841
593481841
593481841
593481841
526421205
526421205
526421205
526421205
526421205
526421205
526421205
526421205
526421205
137730006
174514306
174514306
900953182
900953182
900953182
480850876
480850876
480850876
480850876
480850876
480850876
480850876
480850876
633909103
633909103
633909103
633909103
633909103
633909103
633909103
633909103
633909103
633909103
323287362
203863844
571191877
571191877
571191877
838738239
838738239
838738239
838738239
838738239
838738239
838738239
838738239
436330138
994356124
458596723
458596723
458596723
458596723
484303891
484303891
484303891
484303891
484303891
484303891
484303891
484303891
484303891
484303891
842009492
842009492
842009492
842009492
225709069
240490426
47865455
47865455
47865455
47865455
47865455
169274185
169274185
169274185
169274185
169274185
169274185
169274185
169274185
169274185
169274185
169274185
169274185
232857101
232857101
232857101
232857101
232857101
232857101
594815889
594815889
69131915
366181555
382991152
267250563
267250563
267250563
737009808
737009808
737009808
205136242
430706798
430706798
430706798
430706798
602650131
602650131
602650131
602650131
602650131
602650131
498109953
498109953
495658735
901580283
901580283
901580283
901580283
901580283
901580283
901580283
165362403
165362403
165362403
165362403
165362403
165362403
165362403
220240541
220240541
220240541
220240541
220240541
220240541
737979241
737979241
737979241
890817357
544455299
773991538
773991538
773991538
185615177
185615177
185615177
185615177
185615177
25541717
25541717
25541717
25541717
25541717
25541717
25541717
25541717
25541717
25541717
157042272
247651254
247651254
247651254
247651254
247651254
247651254
247651254
247651254
417628376
417628376
417628376
417628376
417628376
417628376
417628376
417628376
417628376
417628376
417628376
793041128
793041128
793041128
793041128
793041128
793041128
527834793
527834793
527834793
527834793
117057347
908330258
32736348
32736348
884032497
259995830
259995830
259995830
259995830
259995830
259995830
259995830
141862108
882925560
882925560
229854295
974864785
974864785
191531675
191531675
191531675
841251533
841251533
841251533
841251533
841251533
841251533
841251533
841251533
841251533
841251533
841251533
841251533
841251533
841251533
165875374
330282027
330282027
445886034
789026127
21109330
21109330
21109330
21109330
21109330
95350915
413482126
593494222
593494222
593494222
254798606
580165711
580165711
580165711
580165711
580165711
580165711
580165711
499954185
828111484
828111484
828111484
828111484
72779400
71986966
353916404
362912487
362912487
362912487
362912487
417093438
417093438
103568714
103568714
103568714
103568714
103568714
103568714
103568714
103568714
103568714
743969308
743969308
998553361
998553361
998553361
998553361
720525060
54664283
46685496
46685496
46685496
46685496
46685496
46685496
46685496
46685496
46685496
46685496
930042352
921337629
921337629
921337629
921337629
921337629
921337629
991974906
991974906
991974906
991974906
963133510
963133510
963133510
963133510
963133510
963133510
963133510
963133510
963133510
919533795
919533795
72823450
72823450
72823450
72823450
895904389
895904389
895904389
895904389
895904389
895904389
895904389
232873082
866923914
866923914
866923914
866923914
866923914
866923914
674390495
674390495
509987415
509987415
509987415
509987415
509987415
509987415
333504291
333504291
853586410
124014122
124014122
124014122
124014122
901289166
31164983
31164983
597460007
597460007
597460007
223683969
966557243
966557243
966557243
966557243
966557243
966557243
20833539
20833539
20833539
20833539
20833539
20833539
20833539
20833539
20833539
20833539
20833539
20833539
938397105
894719304
506180195
506180195
506180195
163431026
734366396
734366396
734366396
734366396
734366396
287458720
287458720
287458720
287458720
691337299
691337299
691337299
691337299
691337299
691337299
835227268
817929743
817929743
817929743
817929743
817929743
817929743
574807361
574807361
574807361
574807361
574807361
574807361
574807361
159597860
159597860
159597860
159597860
159597860
159597860
671872763
608682318
608682318
206940505
206940505
206940505
206940505
206940505
206940505
206940505
312917811
312917811
149614689
149614689
149614689
149614689
32385696
32385696
32385696
677003551
677003551
677003551
677003551
677003551
565944505
565944505
565944505
565944505
565944505
343664369
343664369
343664369
343664369
357910256
357910256
357910256
127912672
127912672
127912672
127912672
127912672
127912672
127912672
951626116
951626116
917199087
917199087
665479788
665479788
665479788
665479788
665479788
665479788
990614137
990614137
990614137
990614137
990614137
990614137
990614137
990614137
990614137
990614137
990614137
990614137
453281450
71028488
71028488
820512595
820512595
820512595
820512595
820512595
820512595
820512595
820512595
820512595
820512595
820512595
820512595
820512595
583516090
583516090
576575180
933120486
191747264
191747264
191747264
191747264
149187497
149187497
149187497
149187497
149187497
149187497
149187497
691118521
691118521
691118521
251061826
273352317
273352317
939011475
939011475
357672335
357672335
357672335
549270622
549270622
549270622
549270622
846991959
345117503
896176195
474356086
474356086
555504411
555504411
446773048
495205407
495205407
495205407
495205407
495205407
495205407
495205407
495205407
872284040
872284040
872284040
872284040
872284040
872284040
872284040
872284040
872284040
872284040
872284040
313048163
313048163
313048163
313048163
821036601
821036601
821036601
821036601
821036601
714505432
714505432
714505432
244542455
244542455
244542455
244542455
244542455
244542455
244542455
244542455
416360991
416360991
438928948
438928948
438928948
438928948
438928948
661610532
661610532
661610532
661610532
661610532
661610532
661610532
661610532
661610532
661610532
792530971
849872795
860805699
311816260
477062053
147950655
147950655
147950655
147950655
147950655
147950655
346973684
346973684
346973684
346973684
346973684
346973684
346973684
346973684
346973684
346973684
346973684
655724466
655724466
655724466
655724466
236161823
236161823
236161823
236161823
236161823
236161823
236161823
236161823
236161823
170376691
170376691
170376691
685456724
685456724
685456724
685456724
685456724
685456724
685456724
135909394
135909394
299799556
299799556
299799556
299799556
299799556
299799556
299799556
135738268
135738268
135738268
135738268
135738268
135738268
135738268
135738268
135738268
135738268
135738268
135738268
135738268
366355377
366355377
607006882
607006882
607006882
633348566
633348566
11421175
11421175
11421175
11421175
645679910
645679910
645679910
645679910
645679910
645679910
458381170
458381170
458381170
458381170
458381170
458381170
411462232
411462232
19083098
117439729
117439729
627501349
627501349
627501349
627501349
627501349
627501349
697938634
697938634
697938634
871813643
679278973
679278973
679278973
679278973
679278973
679278973
27070533
27070533
27070533
27070533
27070533
27070533
433392579
433392579
433392579
433392579
433392579
433392579
433392579
433392579
433392579
433392579
433392579
433392579
638408003
638408003
638408003
638408003
638408003
638408003
638408003
638408003
638408003
638408003
638408003
424536732
424536732
424536732
832785135
832785135
832785135
832785135
832785135
832785135
832785135
832785135
936269604
359782329
462229911
989242012
328951895
328951895
778358749
159247190
159247190
159247190
159247190
159247190
74103525
622589089
622589089
979616437
979616437
82719991
82719991
82719991
82719991
82719991
82719991
818864162
818864162
818864162
818864162
818864162
160135899
160135899
160135899
160135899
162773463
162773463
910455257
910455257
910455257
208247921
208247921
208247921
305793096
305793096
305793096
305793096
105231543
105231543
105231543
105231543
105231543
105231543
105231543
31240098
31240098
31240098
31240098
31240098
31240098
504260849
504260849
504260849
504260849
504260849
504260849
504260849
504260849
504260849
826823267
405015430
405015430
405015430
405015430
405015430
405015430
405015430
405015430
405015430
405015430
405015430
405015430
405015430
405015430
405015430
405015430
608919794
608919794
608919794
608919794
608919794
608919794
608919794
936340924
936340924
936340924
936340924
936340924
936340924
936340924
936340924
936340924
936340924
936340924
936340924
416778701
470595614
757985021
757985021
757985021
757985021
757985021
757985021
757985021
757985021
757985021
618688305
618688305
618688305
611175756
611175756
782068458
782068458
782068458
782068458
782068458
782068458
782068458
757298264
757298264
757298264
412458754
113133054
113133054
113133054
113133054
113133054
113133054
113133054
113133054
113133054
113133054
113133054
113133054
113133054
113133054
113133054
113133054
113133054
113133054
113133054
113133054
113133054
155478364
155478364
923626072
923626072
923626072
923626072
923626072
923626072
538712692
538712692
538712692
538712692
538712692
772869777
772869777
772869777
997797777
997797777
997797777
997797777
997797777
997797777
721449988
508506452
508506452
508506452
611132667
611132667
611132667
611132667
611132667
611132667
764806521
764806521
764806521
764806521
764806521
764806521
764806521
764806521
764806521
764806521
27016221
27016221
229545726
247640714
247640714
247640714
247640714
247640714
247640714
247640714
793536192
793536192
793536192
255969695
255969695
255969695
255969695
582914002
780410576
780410576
279433412
279433412
737049662
737049662
463279671
738527906
738527906
738527906
738527906
314998332
314998332
314998332
314998332
402516075
998952403
998952403
998952403
998952403
249500247
249500247
249500247
344661912
344661912
344661912
344661912
337179308
337179308
337179308
337179308
337179308
337179308
337179308
337179308
337179308
337179308
337179308
337179308
337179308
337179308
742083859
742083859
937228090
632489096
136573736
136573736
136573736
136573736
136573736
136573736
136573736
136573736
136573736
136573736
136573736
136573736
136573736
136573736
603453947
473841941
25936305
25936305
140319506
140319506
140319506
875070466
875070466
911286197
911286197
300686809
300686809
300686809
161031413
161031413
309185209
238865578
238865578
238865578
672953622
672953622
672953622
672953622
672953622
672953622
466549424
466549424
466549424
466549424
466549424
466549424
466549424
466549424
466549424
466549424
466549424
466549424
466549424
466549424
563466481
563466481
563466481
563466481
563466481
563466481
782356352
782356352
782356352
274895886
206880222
320590082
320590082
320590082
320590082
320590082
164971486
164971486
164971486
164971486
856896997
856896997
856896997
856896997
856896997
918720127
112601580
112601580
112601580
112601580
112601580
112601580
28773656
28773656
28773656
896213470
832786396
832786396
12180351
203310683
203310683
203310683
203310683
203310683
203310683
203310683
355048479
355048479
355048479
355048479
355048479
518470471
518470471
518470471
518470471
518470471
518470471
518470471
518470471
518470471
426070320
426070320
426070320
426070320
426070320
426070320
208904298
727793054
727793054
727793054
976390004
976390004
976390004
909814902
909814902
18551261
18551261
18551261
18551261
18551261
18551261
18551261
18551261
725216025
725216025
725216025
725216025
725216025
725216025
234068562
234068562
234068562
234068562
234068562
234068562
673051780
673051780
673051780
673051780
673051780
673051780
673051780
93801279
93801279
93801279
93801279
213388191
213388191
481573859
481573859
481573859
481573859
481573859
481573859
481573859
381295503
327776932
327776932
755893631
755893631
519110294
519110294
519110294
519110294
519110294
519110294
519110294
519110294
519110294
519110294
284877955
284877955
284877955
284877955
393754150
393754150
393754150
836867032
836867032
836867032
836867032
836867032
836867032
836867032
836867032
171957530
171957530
171957530
171957530
171957530
171957530
171957530
64459333
64459333
986275327
986275327
232727947
232727947
232727947
614882036
2150190
2150190
2150190
2150190
2150190
323062120
539674583
539674583
539674583
734201514
811793048
811793048
811793048
811793048
811793048
811793048
957462722
957462722
957462722
957462722
957462722
509282535
509282535
725885506
725885506
725885506
725885506
725885506
725885506
725885506
725885506
725885506
725885506
725885506
725885506
725885506
725885506
725885506
725885506
47129985
47129985
47129985
47129985
47129985
47129985
47129985
47129985
47129985
47129985
47129985
47129985
47129985
47129985
47129985
47129985
642227879
642227879
642227879
642227879
642227879
642227879
642227879
642227879
164444873
164444873
164444873
164444873
164444873
164444873
164444873
164444873
164444873
164444873
133965148
133965148
133965148
133965148
625719478
625719478
625719478
625719478
890807860
890807860
17289171
17289171
17289171
17289171
17289171
627908387
627908387
627908387
627908387
627908387
627908387
627908387
191577168
191577168
191577168
191577168
191577168
191577168
191577168
191577168
191577168
191577168
640658480
640658480
983667170
152950026
152950026
152950026
152950026
411597277
411597277
411597277
411597277
411597277
294210365
294210365
228864082
228864082
228864082
228864082
228864082
228864082
264158945
264158945
540293472
540293472
540293472
540293472
540293472
540293472
540293472
540293472
483410118
483410118
483410118
483410118
483410118
483410118
483410118
483410118
483410118
483410118
483410118
483410118
483410118
483410118
483410118
483410118
483410118
483410118
483410118
483410118
483410118
483410118
483410118
483410118
483410118
483410118
483410118
343143950
343143950
343143950
343143950
654854395
654854395
654854395
654854395
654854395
654854395
654854395
654854395
654854395
654854395
654854395
654854395
654854395
348906814
790978307
46755834
46755834
46755834
64282904
64282904
14402633
14402633
410247535
410247535
410247535
410247535
410247535
410247535
410247535
410247535
410247535
462984700
462984700
332458687
332458687
282752724
282752724
830825469
830825469
62279187
28911497
28911497
28911497
28911497
853821179
853821179
853821179
853821179
853821179
853821179
369473437
369473437
161402950
408699685
408699685
408699685
408699685
636850027
937380773
937380773
937380773
937380773
672817379
672817379
672817379
672817379
672817379
672817379
672817379
672817379
672817379
672817379
672817379
473432188
473432188
473432188
473432188
473432188
992978347
992978347
992978347
992978347
532085386
532085386
532085386
908182947
908182947
908182947
908182947
908182947
908182947
908182947
908182947
908182947
908182947
788889089
788889089
788889089
788889089
575689952
472345572
472345572
732993106
867991090
867991090
465730108
548747925
548747925
548747925
548747925
548747925
982314144
758738921
840541905
840541905
840541905
840541905
840541905
840541905
840541905
525792067
525792067
181323047
181323047
181323047
181323047
181323047
440036717
440036717
440036717
125264944
125264944
125264944
125264944
125264944
125264944
125264944
125264944
169565255
169565255
169565255
169565255
169565255
152776876
152776876
152776876
152776876
152776876
152776876
152776876
646178872
646178872
646178872
646178872
646178872
646178872
646178872
496978085
268542612
268542612
268542612
268542612
268542612
268542612
268542612
268542612
268542612
268542612
268542612
268542612
268542612
268542612
268542612
268542612
855446531
855446531
855446531
855446531
801538985
801538985
801538985
230480564
230480564
230480564
287460468
287460468
287460468
287460468
743891676
743891676
743891676
743891676
743891676
743891676
743891676
743891676
743891676
85382704
85382704
85382704
85382704
85382704
85382704
85382704
427202140
374485057
374485057
374485057
374485057
316884555
316884555
755127455
755127455
755127455
755127455
755127455
476146559
476146559
602126062
602126062
602126062
602126062
602126062
602126062
602126062
602126062
602126062
375379230
359230519
359230519
359230519
885907426
939415234
736491821
736491821
736491821
818273429
818273429
818273429
818273429
818273429
818273429
818273429
592774550
592774550
592774550
592774550
592774550
592774550
592774550
592774550
624037530
624037530
624037530
624037530
624037530
624037530
798751384
798751384
798751384
439989964
763381769
763381769
219795239
718798887
718798887
718798887
718798887
718798887
218145037
218145037
218145037
803699798
803699798
68823130
68823130
68823130
886643522
886643522
886643522
886643522
431014325
431014325
431014325
431014325
431014325
431014325
431014325
927746975
927746975
927746975
927746975
927746975
927746975
927746975
927746975
667181238
667181238
271115034
271115034
271115034
34477237
728539303
728539303
728539303
728539303
728539303
728539303
728539303
728539303
728539303
728539303
728539303
728539303
728539303
728539303
728539303
728539303
728539303
33928103
782388293
782388293
15362953
15362953
15362953
15362953
640969240
640969240
640969240
640969240
815517880
196991343
637044865
808545911
808545911
808545911
808545911
465112544
465112544
465112544
993091272
993091272
993091272
477118772
477118772
477118772
477118772
477118772
477118772
477118772
195704791
195704791
714133353
714133353
116337982
116337982
116337982
116337982
634074979
634074979
634074979
634074979
634074979
634074979
634074979
634074979
634074979
62973780
62973780
62973780
62973780
62973780
68464316
68464316
68464316
68464316
68464316
68464316
68464316
68464316
68464316
68464316
456530318
456530318
456530318
244698685
244698685
244698685
244698685
707418790
707418790
707418790
417164804
417164804
773760109
773760109
773760109
773760109
773760109
773760109
773760109
773760109
773760109
773760109
799858731
212652163
560992756
560992756
18714750
18714750
68279470
469551067
173866796
173866796
173866796
173866796
173866796
173866796
173866796
173866796
173866796
173866796
173866796
173866796
173866796
173866796
173866796
173866796
985759896
468037587
640246462
640246462
640246462
640246462
264677191
867662397
867662397
867662397
867662397
867662397
867662397
867662397
867662397
867662397
867662397
867662397
867662397
668834245
561383296
561383296
561383296
671697107
369960549
369960549
369960549
369960549
369960549
369960549
369960549
742466057
742466057
742466057
872301879
872301879
872301879
371403700
371403700
371403700
371403700
371403700
371403700
172477146
172477146
571193241
66519786
66519786
66519786
66519786
66519786
66519786
559009259
582323622
660547290
660547290
660547290
660547290
221861638
221861638
611224442
611224442
611224442
611224442
805903863
805903863
805903863
805903863
805903863
805903863
805903863
805903863
586690687
586690687
133219295
550551399
550551399
276961414
276961414
276961414
276961414
276961414
318179989
318179989
318179989
318179989
318179989
318179989
318179989
318179989
318179989
161907907
26575161
26575161
26575161
26575161
26575161
26575161
26575161
26575161
61144836
61144836
61144836
94509125
83179102
83179102
83179102
83179102
135472080
135472080
135472080
135472080
135472080
135472080
135472080
252175734
252175734
252175734
252175734
252175734
590837313
690508849
690508849
690508849
690508849
690508849
312060682
312060682
70536811
70536811
70536811
138411105
68770525
68770525
504312566
504312566
504312566
504312566
36378278
36378278
36378278
36378278
711622140
711622140
527760247
199586419
199586419
199586419
582347605
582347605
582347605
582347605
282625265
282625265
282625265
282625265
282625265
282625265
818389238
214506530
214506530
884879179
884879179
884879179
884879179
170556458
428851301
428851301
428851301
428851301
428851301
428851301
428851301
428851301
502884006
502884006
502884006
810226464
810226464
810226464
396674067
396674067
396674067
396674067
396674067
396674067
396674067
550957594
550957594
171631554
171631554
171631554
171631554
173930474
314607758
314607758
314607758
314607758
314607758
314607758
314607758
943293475
943293475
943293475
411005085
411005085
912866747
912866747
912866747
346498452
346498452
541450811
541450811
541450811
541450811
541450811
541450811
541450811
541450811
541450811
273123843
156572394
768269692
443698090
443698090
443698090
22321866
22321866
22321866
125811935
125811935
734365480
734365480
704455727
704455727
704455727
704455727
287036751
287036751
287036751
287036751
287036751
287036751
287036751
711781114
566843031
566843031
566843031
566843031
566843031
982808643
982808643
264029378
264029378
264029378
264029378
109259596
109259596
97131628
583834386
195359745
661613137
661613137
492123929
492123929
492123929
737766959
737766959
737766959
738175960
738175960
544645251
241425308
770452432
770452432
770452432
770452432
770452432
770452432
770452432
770452432
770452432
770452432
770452432
770452432
770452432
337404463
337404463
337404463
337404463
337404463
337404463
337404463
885216126
967609655
967609655
967609655
967609655
967609655
967609655
789816151
789816151
789816151
648926409
648926409
648926409
696484533
696484533
696484533
494273967
494273967
494273967
494273967
494273967
62764849
62764849
62764849
456742354
456742354
456742354
456742354
456742354
456742354
456742354
456742354
456742354
456742354
456742354
456742354
757219636
757219636
757219636
757219636
757219636
757219636
757219636
47430309
47430309
47430309
47430309
47430309
47430309
47430309
622014820
622014820
622014820
622014820
622014820
836896338
836896338
836896338
836896338
836896338
836896338
836896338
405187096
484297668
484297668
484297668
697574716
294960819
294960819
294960819
612226036
613393266
613393266
613393266
44181755
44181755
44181755
44181755
44181755
44181755
44181755
44181755
44181755
44181755
44181755
44181755
44181755
44181755
44181755
44181755
44181755
44181755
44181755
44181755
44181755
44181755
44181755
44181755
44181755
44181755
44181755
44181755
44181755
44181755
187170945
101425192
693413665
693413665
693413665
693413665
693413665
664063601
664063601
664063601
664063601
664063601
664063601
732249483
732249483
732249483
732249483
732249483
923649990
923649990
940689778
940689778
259226963
259226963
259226963
632999
632999
632999
481276719
481276719
675371158
675371158
675371158
675371158
675371158
110765777
110765777
110765777
251611115
883848703
2863497
2863497
2863497
2863497
2863497
196491498
196491498
196491498
537067368
537067368
537067368
537067368
577239751
577239751
577239751
237564365
237564365
237564365
237564365
237564365
264500975
897870564
897870564
197443561
197443561
197443561
197443561
197443561
197443561
197443561
117949905
117949905
79406703
79406703
79406703
79406703
79406703
79406703
79406703
79406703
586716740
586716740
586716740
586716740
586716740
586716740
586716740
586716740
586716740
586716740
586716740
586716740
586716740
586716740
218801044
218801044
218801044
218801044
542344250
542344250
542344250
542344250
542344250
402791157
402791157
402791157
402791157
402791157
82483038
550946782
136430967
743200508
743200508
743200508
743200508
743200508
743200508
743200508
743200508
743200508
743200508
743200508
743200508
743200508
743200508
275122375
275122375
818323689
683603672
557301893
557301893
557301893
557301893
557301893
557301893
557301893
241980236
460777215
860716532
860716532
860716532
860716532
581307095
581307095
581307095
581307095
766021077
766021077
766021077
766021077
766021077
766021077
766021077
766021077
766021077
834277434
834277434
834277434
610287751
703357338
703357338
703357338
703357338
620996436
620996436
620996436
620996436
620996436
620996436
620996436
620996436
620996436
620996436
620996436
620996436
741811600
313923947
313923947
74750069
74750069
74750069
74750069
74750069
74750069
74750069
74750069
74750069
74750069
74750069
74750069
74750069
74750069
74750069
424459140
424459140
424459140
424459140
424459140
424459140
424459140
424459140
885022918
885022918
885022918
585931306
585931306
979518168
979518168
979518168
979518168
979518168
979518168
979518168
979518168
979518168
979518168
979518168
262362404
262362404
262362404
262362404
262362404
299370619
299370619
299370619
299370619
299370619
299370619
299370619
299370619
299370619
299370619
299370619
299370619
299370619
299370619
299370619
299370619
949041435
505183255
505183255
90461224
920770522
920770522
920770522
920770522
894973846
894973846
894973846
674714152
674714152
783992253
783992253
783992253
783992253
783992253
532115053
532115053
532115053
532115053
532115053
773438740
773438740
773438740
773438740
639022190
639022190
639022190
639022190
584082937
584082937
584082937
584082937
584082937
989504291
989504291
989504291
989504291
591556221
591556221
591556221
591556221
255485214
255485214
255485214
255485214
255485214
492282241
492282241
901372838
901372838
901372838
223972292
223972292
223972292
223972292
223972292
223972292
49891457
49891457
49891457
49891457
534664789
534664789
534664789
534664789
534664789
534664789
414877239
414877239
414877239
414877239
414877239
414877239
414877239
414877239
414877239
414877239
414877239
414877239
424507395
424507395
311004599
311004599
930186789
930186789
456515799
456515799
400651083
820597616
820597616
268072883
268072883
268072883
268072883
268072883
268072883
268072883
268072883
268072883
382943908
382943908
382943908
382943908
985215940
873831611
873831611
123805139
986325472
986325472
986325472
986325472
986325472
986325472
986325472
986325472
251188880
251188880
238332005
526875157
526875157
744574674
744574674
744574674
975937751
975937751
975937751
975937751
975937751
975937751
975937751
975937751
975937751
975937751
975937751
276894749
276894749
276894749
276894749
276894749
276894749
276894749
960457889
960457889
960457889
960457889
960457889
960457889
960457889
960457889
428045045
428045045
428045045
428045045
428045045
428045045
428045045
400288282
311893753
311893753
311893753
311893753
311893753
311893753
311893753
311893753
311893753
311893753
955247606
955247606
138361638
167828668
167828668
167828668
167828668
167828668
167828668
167828668
167828668
167828668
167828668
944818122
944818122
944818122
619575083
619575083
619575083
619575083
134103864
134103864
766779401
766779401
766779401
766779401
313326737
313326737
313326737
313326737
313326737
313326737
313326737
313326737
313326737
94501281
94501281
275264310
275264310
782765327
782765327
254984762
533851633
533851633
533851633
47938963
47938963
47938963
47938963
47938963
47938963
47938963
273431585
300509798
300509798
796193319
796193319
796193319
796193319
308903259
982408451
982408451
982408451
955861875
425106081
425106081
425106081
425106081
784301944
850595144
850595144
850595144
850595144
850595144
850595144
684116790
684116790
684116790
684116790
684116790
684116790
684116790
152406832
152406832
753984442
974906060
974906060
974906060
974906060
424089239
379755268
379755268
379755268
379755268
379755268
379755268
379755268
379755268
379755268
379755268
379755268
379755268
792726347
234985349
234985349
234985349
234985349
234985349
234985349
234985349
234985349
234985349
484683695
484683695
484683695
484683695
484683695
484683695
484683695
652569218
652569218
251227748
251227748
251227748
251227748
251227748
251227748
457144774
22906476
22906476
22906476
22906476
22906476
22906476
22906476
22906476
22906476
835456574
835456574
553029312
553029312
479578655
479578655
479578655
479578655
479578655
479578655
479578655
479578655
479578655
479578655
479578655
479578655
479578655
479578655
619297747
74553506
74553506
74553506
74553506
74553506
74553506
74553506
74553506
74553506
367584942
337332858
337332858
337332858
337332858
337332858
337332858
337332858
337332858
337332858
337332858
337332858
337332858
337332858
337332858
337332858
43517051
43517051
43517051
197382599
694015820
694015820
694015820
521899686
521899686
521899686
521899686
681405595
681405595
588930798
588930798
588930798
588930798
588930798
588930798
807221887
837660540
837660540
837660540
779968080
779968080
779968080
779968080
779968080
779968080
779968080
779968080
779968080
931917663
931917663
931917663
931917663
931917663
487369210
487369210
487369210
487369210
487369210
487369210
250520006
552971474
552971474
552971474
851737251
851737251
126225712
126225712
126225712
126225712
461462804
461462804
461462804
461462804
461462804
461462804
461462804
461462804
449189607
449189607
449189607
449189607
449189607
446022945
446022945
446022945
446022945
446022945
446022945
30328834
30328834
30328834
30328834
30328834
30328834
30328834
30328834
30328834
30328834
872649566
872649566
872649566
872649566
659770224
919014448
919014448
658663076
658663076
658663076
658663076
696105805
124176534
124176534
124176534
124176534
124176534
552134196
552134196
552134196
552134196
639210653
639210653
738096718
370145748
370145748
370145748
158346243
158346243
158346243
158346243
843219183
843219183
722720202
722720202
332708357
332708357
332708357
963838801
963838801
963838801
625379550
559258437
559258437
559258437
958723079
958723079
958723079
958723079
958723079
958723079
630801684
630801684
630801684
630801684
132521215
132521215
641460268
844323439
844323439
844323439
909153722
909153722
909153722
909153722
909153722
70133657
70133657
70133657
70133657
70133657
764842097
764842097
764842097
764842097
764842097
571684102
571684102
14306210
14306210
14306210
14306210
14306210
14306210
524273745
524273745
31314966
31314966
612024403
612024403
612024403
612024403
612024403
612024403
612024403
174968349
636237612
636237612
636237612
425317717
421029555
421029555
421029555
212031624
36420164
36420164
36420164
241391919
241391919
241391919
241391919
241391919
184205696
461351993
461351993
461351993
461351993
461351993
461351993
461351993
461351993
461351993
678261384
678261384
678261384
678261384
678261384
136310062
136310062
141311254
141311254
141311254
141311254
141311254
141311254
141311254
141311254
504107784
504107784
504107784
504107784
504107784
507144138
349713730
49250861
49250861
476824080
476824080
476824080
476824080
530301305
540060022
540060022
540060022
540060022
540060022
540060022
540060022
540060022
540060022
540060022
540060022
168258932
197729385
197729385
197729385
197729385
197729385
197729385
197729385
197729385
197729385
197729385
197729385
197729385
197729385
430462202
430462202
430462202
430462202
179680771
173729236
173729236
173729236
687743191
687743191
687743191
478466190
824660950
824660950
824660950
824660950
953167902
953167902
953167902
953167902
953167902
953167902
953167902
953167902
953167902
953167902
953167902
800547972
800547972
244478095
244478095
244478095
244478095
244478095
244478095
888008261
888008261
888008261
888008261
594338791
243384878
243384878
243384878
243384878
243384878
243384878
243384878
243384878
920869903
920869903
920869903
920869903
920869903
497881656
497881656
497881656
497881656
497881656
497881656
497881656
497881656
534015008
534015008
534015008
534015008
534015008
534015008
534015008
501495650
501495650
501495650
501495650
501495650
501495650
501495650
501495650
501495650
501495650
501495650
501495650
501495650
501495650
501495650
501495650
4966870
4966870
4966870
4966870
4966870
4966870
4966870
4966870
4966870
4966870
4966870
4966870
4966870
4966870
4966870
387331532
121061862
121061862
121061862
512121019
512121019
512121019
405960335
405960335
215836067
21900032
21900032
21900032
21900032
21900032
21900032
21900032
21900032
21900032
21900032
21900032
21900032
21900032
21900032
21900032
21900032
21900032
705934858
705934858
705934858
705934858
423085876
423085876
423085876
423085876
423085876
423085876
423085876
423085876
362090306
807419631
610902831
858936999
858936999
858936999
858936999
858936999
858936999
858936999
858936999
858936999
858936999
549829156
465715741
886694853
886694853
886694853
886694853
55731253
55731253
55731253
55731253
55731253
456864545
456864545
222888157
222888157
222888157
725919352
725919352
679269830
461829692
461829692
461829692
461829692
461829692
461829692
913775618
913775618
913775618
759285523
222998551
222998551
416222948
416222948
416222948
416222948
416222948
416222948
416222948
401012178
140669258
746894725
497412238
497412238
497412238
178789265
178789265
178789265
120267431
120267431
120267431
976561319
758795258
758795258
758795258
758795258
758795258
758795258
261719240
261719240
191131971
191131971
191131971
191131971
191131971
390134498
390134498
390134498
390134498
390134498
390134498
390134498
390134498
390134498
390134498
390134498
390134498
654186044
654186044
654186044
654186044
654186044
654186044
654186044
196972495
196972495
196972495
196972495
196972495
196972495
196972495
263234302
263234302
306703188
306703188
86292059
86292059
86292059
86292059
452938694
452938694
452938694
452938694
452938694
452938694
452938694
452938694
452938694
452938694
452938694
452938694
452938694
452938694
452938694
452938694
452938694
452938694
283765785
283765785
379711533
886264948
886264948
280728362
280728362
280728362
280728362
280728362
958903595
935475396
815580684
33750499
137380920
137380920
394193665
394193665
394193665
394193665
394193665
394193665
394193665
394193665
394193665
394193665
394193665
394193665
394193665
47401654
47401654
47401654
47401654
47401654
47401654
47401654
47401654
47401654
47401654
47401654
47401654
47401654
560148770
572344843
572344843
572344843
572344843
572344843
572344843
572344843
572344843
572344843
572344843
339667922
639535088
639535088
326477
326477
33288226
133118158
133118158
133118158
133118158
675298689
675298689
723516614
723516614
723516614
723516614
723516614
723516614
723516614
723516614
723516614
723516614
723516614
723516614
723516614
723516614
723516614
723516614
723516614
723516614
723516614
403323048
403323048
403323048
403323048
403323048
403323048
403323048
321581144
550265873
550265873
550265873
550265873
550265873
460703037
460703037
460703037
460703037
443188896
425972192
16383740
654757733
318805089
775480695
775480695
775480695
775480695
775480695
775480695
775480695
775480695
186280287
186280287
186280287
454745210
454745210
303742051
303742051
535306211
535306211
535306211
535306211
535306211
535306211
535306211
973560502
973560502
162215887
510025781
510025781
510025781
33104547
33104547
33104547
919270138
919270138
369293770
819286097
637600537
637600537
637600537
637600537
637600537
763272512
336398276
336398276
336398276
336398276
336398276
336398276
336398276
336398276
336398276
336398276
865847238
865847238
897723372
897723372
897723372
897723372
897723372
897723372
897723372
897723372
897723372
897723372
897723372
897723372
897723372
897723372
575255015
575255015
575255015
541369436
541369436
541369436
541369436
541369436
541369436
541369436
541369436
6799023
163764554
163764554
163764554
163764554
163764554
163764554
163764554
163764554
163764554
479893617
479893617
479893617
479893617
479893617
479893617
479893617
957466687
957466687
562456814
562456814
562456814
9609969
9609969
816987533
614278415
614278415
614278415
470236899
470236899
470236899
470236899
470236899
955408059
955408059
955408059
955408059
955408059
955408059
955408059
504983918
504983918
504983918
504983918
504983918
504983918
156901173
156901173
156901173
156901173
156901173
156901173
440987160
877884830
877884830
877884830
877884830
877884830
877884830
877884830
877884830
877884830
877884830
877884830
877884830
823486620
796566974
796566974
796566974
796566974
796566974
796566974
796566974
796566974
796566974
796566974
796566974
796566974
796566974
796566974
975039750
90108202
246050837
246050837
391403745
391403745
36749045
25146670
883702445
883702445
652527760
652527760
367755482
367755482
126208785
126208785
126208785
126208785
126208785
714246204
714246204
714246204
714246204
714246204
714246204
714246204
714246204
470574209
470574209
931616088
931616088
931616088
1961699
1961699
1961699
1961699
1961699
1961699
1961699
1961699
218452965
770480971
770480971
175034103
175034103
175034103
175034103
766607902
766607902
766607902
735225998
735225998
735225998
735225998
735225998
735225998
735225998
735225998
735225998
735225998
735225998
639557409
639557409
639557409
953655879
658318068
487933470
487933470
487933470
487933470
124210744
124210744
124210744
863314047
863314047
913680957
913680957
383903910
383903910
383903910
383903910
383903910
383903910
383903910
383903910
383903910
383903910
383903910
313939079
313939079
313939079
313939079
313939079
313939079
313939079
313939079
313939079
848629143
33545804
33545804
9072254
9072254
9072254
9072254
9072254
336749170
336749170
336749170
336749170
313820951
313820951
313820951
313820951
313820951
313820951
313820951
896893592
748145378
748145378
748145378
748145378
748145378
748145378
748145378
748145378
748145378
748145378
748145378
748145378
748145378
748145378
192205477
255844781
255844781
255844781
255844781
255844781
255844781
255844781
255844781
255844781
351580368
351580368
351580368
170321534
170321534
170321534
170321534
633943047
633943047
633943047
633943047
633943047
633943047
633943047
633943047
633943047
633943047
870811411
870811411
870811411
870811411
870811411
870811411
594361189
594361189
748401333
78689204
78689204
78689204
78689204
78689204
78689204
78689204
78689204
78689204
78689204
877176156
835251141
835251141
835251141
835251141
384155501
948829832
948829832
7752844
7752844
460649037
460649037
962294863
642565298
642565298
642565298
642565298
642565298
25980002
25980002
863677312
191507178
191507178
191507178
852151753
881542421
881542421
881542421
70486268
70486268
70486268
70486268
70486268
70486268
489623528
489623528
489623528
489623528
182050578
853947074
853947074
853947074
353871716
353871716
353871716
353871716
353871716
452403523
399838919
586572485
586572485
244473594
244473594
244473594
43583930
43583930
43583930
43583930
43583930
43583930
43583930
24360138
24360138
24360138
24360138
24360138
24360138
24360138
895803558
895803558
895803558
895803558
212906969
837143203
837143203
837143203
837143203
837143203
837143203
677658730
677658730
677658730
677658730
245010883
245010883
492108593
492108593
492108593
492108593
492108593
398514861
398514861
116468335
116468335
116468335
116468335
116468335
116468335
116468335
116468335
325218470
325218470
794530043
794530043
794530043
794530043
794530043
794530043
794530043
794530043
794530043
794530043
794530043
249190986
91613349
91613349
91613349
91613349
100864270
100864270
100864270
100864270
100864270
100864270
100864270
501364700
501364700
447520663
447520663
991292745
59960413
59960413
59960413
59960413
59960413
59960413
937769657
937769657
937769657
937769657
937769657
937769657
937769657
937769657
934682981
73425887
73425887
346648374
346648374
817457839
817457839
473134935
473134935
473134935
473134935
473134935
473134935
506413000
506413000
506413000
155816055
200975105
200975105
200975105
468025707
468025707
468025707
468025707
397480099
397480099
397480099
397480099
932983795
932983795
932983795
932983795
932983795
818844189
818844189
104129924
169305314
169305314
169305314
169305314
959145733
972009128
972009128
972009128
972009128
972009128
831147745
831147745
695587241
695587241
695587241
695587241
695587241
695587241
695587241
258235042
451236106
451236106
451236106
451236106
451236106
451236106
489336768
489336768
489336768
489336768
844471724
844471724
844471724
844471724
844471724
283420613
283420613
283420613
283420613
283420613
283420613
283420613
283420613
283420613
898639439
898639439
898639439
898639439
898639439
528049595
528049595
528049595
528049595
528049595
528049595
705393281
705393281
705393281
705393281
705393281
705393281
973039274
973039274
973039274
973039274
973039274
973039274
973039274
973039274
973039274
232294350
232294350
232294350
232294350
232294350
232294350
232294350
232294350
232294350
232294350
232294350
232294350
232294350
232294350
313924997
313924997
313924997
313924997
313924997
313924997
313924997
313924997
313924997
313924997
744785438
744785438
613622245
613622245
613622245
613622245
613622245
613622245
613622245
174960066
174960066
174960066
174960066
174960066
174960066
369647200
369647200
369647200
369647200
369647200
369647200
369647200
369647200
369647200
369647200
764689931
764689931
764689931
764689931
456514424
456514424
456514424
272147537
272147537
272147537
272147537
858663111
858663111
858663111
858663111
793756858
793756858
793756858
793756858
793756858
381270560
432893974
432893974
432893974
432893974
432893974
432893974
17902993
499699199
499699199
946637927
946637927
946637927
946637927
608150323
660043277
660043277
660043277
717350725
717350725
717350725
278210945
278210945
278210945
278210945
278210945
278210945
278210945
646761585
646761585
367130780
224920649
224920649
140179977
140179977
140179977
260222663
260222663
260222663
271036465
271036465
229526906
229526906
179206882
179206882
179206882
179206882
179206882
179206882
97958949
224053946
224053946
224053946
224053946
224053946
460154071
460154071
710531019
710531019
710531019
710531019
710531019
390200151
390200151
390200151
390200151
390200151
390200151
968673390
407998654
407998654
167006789
167006789
167006789
167006789
421169352
475029323
177137075
574189070
574189070
882626764
882626764
853195714
611232311
611232311
383033780
383033780
383033780
383033780
383033780
383033780
383033780
383033780
383033780
383033780
940292991
940292991
940292991
940292991
940292991
940292991
940292991
940292991
940292991
940292991
668096001
668096001
668096001
668096001
668096001
668096001
668096001
755174912
755174912
975347401
975347401
975347401
975347401
749599378
749599378
749599378
749599378
749599378
749599378
749599378
786835386
718572668
718572668
131127947
131127947
131127947
308735682
308735682
308735682
308735682
308735682
308735682
308735682
308735682
308735682
168912407
699251039
699251039
699251039
699251039
699251039
699251039
699251039
699251039
699251039
699251039
699251039
596761584
596761584
494454732
494454732
494454732
494454732
494454732
188142730
188142730
188142730
188142730
75770390
75770390
75770390
4466278
4466278
892769427
447856121
288384213
288384213
288384213
107451205
249703315
249703315
249703315
249703315
249703315
249703315
249703315
249703315
249703315
249703315
539953288
539953288
806835903
806835903
806835903
806835903
673060349
673060349
673060349
761206641
761206641
761206641
761206641
761206641
761206641
761206641
761206641
658906746
658906746
658906746
658906746
658906746
658906746
658906746
658906746
658906746
829819020
829819020
198405608
198405608
198405608
50213758
50213758
50213758
266594814
266594814
176849124
176849124
393668762
393668762
622422621
838383664
838383664
838383664
838383664
838383664
838383664
838383664
838383664
951811040
390779930
390779930
390779930
174417075
174417075
174417075
174417075
174417075
174417075
174417075
174417075
174417075
174417075
174417075
590715041
491548216
491548216
374917063
374917063
292930549
292930549
292930549
292930549
180551104
180551104
180551104
889966294
889966294
100300545
100300545
100300545
100300545
270866350
270866350
270866350
32337253
32337253
791492849
791492849
791492849
791492849
791492849
791492849
791492849
791492849
747170549
747170549
747170549
747170549
747170549
747170549
747170549
392570010
308642097
658915161
658915161
658915161
383171229
29326667
29326667
29326667
461598351
461598351
986612214
752434936
998177510
998177510
998177510
998177510
862129102
567296754
567296754
567296754
33562869
207009930
45139443
535549889
535549889
535549889
535549889
390157912
390157912
485244887
485244887
485244887
485244887
485244887
485244887
485244887
485244887
67822207
246732213
246732213
246732213
246732213
246732213
246732213
246732213
246732213
818229241
818229241
818229241
818229241
818229241
818229241
818229241
354811563
105404784
105404784
105404784
105404784
105404784
105404784
456949902
456949902
456949902
456949902
456949902
52926115
52926115
52926115
612676100
612676100
612676100
612676100
612676100
289817326
289817326
930262290
950356974
950356974
950356974
950356974
8280737
8280737
8280737
8280737
8280737
8280737
8280737
502639774
502639774
502639774
502639774
502639774
502639774
502639774
502639774
502639774
502639774
56776953
56776953
56776953
56776953
890120158
964633159
964633159
964633159
964633159
964633159
964633159
695353610
695353610
695353610
695353610
554429665
554429665
859903132
859903132
859903132
859903132
787804636
787804636
787804636
787804636
787804636
787804636
787804636
787804636
768046422
768046422
768046422
768046422
768046422
768046422
768046422
768046422
344169776
472950479
787486794
787486794
787486794
787486794
787486794
787486794
505288887
505288887
505288887
505288887
505288887
505288887
707710703
707710703
707710703
253972298
240792873
700660902
700660902
700660902
700660902
945764369
945764369
945764369
945764369
945764369
945764369
945764369
945764369
945764369
945764369
648595774
648595774
648595774
648595774
648595774
648595774
644707030
644707030
178706619
178706619
178706619
124552266
124552266
124552266
124552266
245037037
245037037
245037037
245037037
245037037
245037037
618638820
618638820
618638820
987814666
987814666
987814666
42554724
42554724
42554724
42554724
42554724
42554724
42554724
42554724
42554724
42554724
110605179
110605179
110605179
416955325
416955325
416955325
416955325
416955325
416955325
416955325
864147247
864147247
659411810
659411810
659411810
659411810
659411810
659411810
659411810
659411810
659411810
659411810
659411810
659411810
659411810
659411810
88164784
88164784
88164784
34444392
34444392
34444392
34444392
34444392
34444392
34444392
34444392
34444392
34444392
453008372
453008372
453008372
501401220
501401220
483748595
483748595
483748595
483748595
511231162
511231162
511231162
511231162
511231162
511231162
511231162
511231162
179803707
179803707
431005305
431005305
431005305
431005305
98492397
834788383
806068547
815250356
815250356
815250356
815250356
815250356
815250356
815250356
815250356
602646903
602646903
602646903
602646903
602646903
266712823
266712823
266712823
865623530
865623530
865623530
313572498
525619147
525619147
262316765
262316765
262316765
716625443
716625443
716625443
716625443
844330436
844330436
844330436
844330436
19334549
19334549
19334549
616575760
616575760
616575760
616575760
191710237
191710237
187765152
187765152
187765152
530543258
530543258
530543258
373693258
426838737
426838737
426838737
426838737
426838737
426838737
426838737
426838737
426838737
426838737
426838737
426838737
426838737
416835306
416835306
294395098
294395098
294395098
294395098
294395098
294395098
294395098
294395098
294395098
294395098
354106037
354106037
743748920
743748920
694176104
694176104
694176104
531636063
14673829
14673829
14673829
14673829
14673829
14673829
14673829
14673829
628926170
628926170
628926170
628926170
628926170
628926170
556333216
556333216
774536702
774536702
774536702
774536702
15859012
15859012
15859012
15859012
717357097
717357097
717357097
717357097
717357097
20710552
621121362
621121362
621121362
621121362
621121362
621121362
1077164
1077164
858694961
858694961
994059750
909740506
909740506
909740506
909740506
75160769
75160769
662350043
662350043
662350043
662350043
662350043
662350043
662350043
662350043
251002702
819678385
775128490
510867962
510867962
510867962
510867962
510867962
510867962
11393809
11393809
11393809
11393809
11393809
11393809
11393809
897250304
897250304
897250304
897250304
897250304
897250304
897250304
897250304
897250304
897250304
897250304
897250304
897250304
897250304
263756151
263756151
851547132
985777234
985777234
985777234
985777234
985777234
985777234
985777234
145615532
145615532
145615532
145615532
145615532
215676340
782578754
782578754
55392816
55392816
55392816
55392816
754624069
754624069
754624069
754624069
407822224
407822224
598724196
598724196
598724196
598724196
598724196
598724196
598724196
598724196
598724196
598724196
248257697
248257697
248257697
248257697
659109940
659109940
659109940
659109940
659109940
659109940
659109940
659109940
659109940
659109940
659109940
659109940
659109940
659109940
17513342
17513342
58113201
58113201
58113201
218762956
874996832
874996832
874996832
361189169
361189169
361189169
361189169
361189169
190971266
190971266
170370176
170370176
170370176
613708715
673078583
673078583
673078583
673078583
360319239
360319239
360319239
1846884
1846884
1846884
1846884
1846884
1846884
1846884
1846884
1846884
499874936
499874936
499874936
499874936
499874936
499874936
499874936
499874936
310588224
310588224
310588224
310588224
256286587
256286587
256286587
256286587
256286587
436918416
436918416
436918416
436918416
436918416
436918416
882455150
882455150
882455150
676667273
676667273
676667273
676667273
354569698
354569698
334824513
334824513
334824513
334824513
334824513
334824513
334824513
334824513
416234245
416234245
784915014
784915014
784915014
784915014
784915014
784915014
168204419
986394667
834420906
834420906
834420906
834420906
834420906
834420906
834420906
834420906
679708076
679708076
679708076
679708076
957879300
291196894
291196894
291196894
251322404
251322404
251322404
807474324
807474324
584488629
201986877
201986877
201986877
653280306
653280306
243910171
243910171
243910171
243910171
243910171
722265411
722265411
722265411
415859245
581644797
581644797
581644797
704531340
515963984
515963984
459746712
459746712
459746712
459746712
459746712
31723374
406199941
406199941
406199941
406199941
406199941
233776246
233776246
233776246
233776246
603437988
603437988
603437988
603437988
866609697
866609697
866609697
866609697
866609697
866609697
35853997
51692168
51692168
51692168
51692168
51692168
51692168
51692168
286772204
286772204
509399993
509399993
821585594
821585594
821585594
821585594
821585594
821585594
821585594
821585594
391234148
391234148
391234148
534862982
344490654
149339667
149339667
149339667
149339667
582494108
582494108
498451293
498451293
426805711
426805711
426805711
426805711
426805711
426805711
474577379
474577379
330523771
330523771
330523771
330523771
330523771
330523771
972383708
972383708
972383708
972383708
972383708
972383708
184180069
184180069
265113215
265113215
265113215
265113215
265113215
265113215
265113215
265113215
265113215
190870452
190870452
190870452
633266996
208199147
208199147
208199147
738316383
738316383
738316383
738316383
738316383
738316383
738316383
738316383
738316383
738316383
738316383
738316383
738316383
738316383
738316383
738316383
738316383
738316383
181717934
181717934
705998565
705998565
860554394
395384349
395384349
395384349
987976179
987976179
280304248
950192993
950192993
950192993
950192993
950192993
950192993
950192993
950192993
598198032
598198032
598198032
598198032
840094157
840094157
840094157
840094157
840094157
840094157
840094157
840094157
368158778
368158778
368158778
368158778
368158778
368158778
368158778
368158778
368158778
368158778
53214005
53214005
53214005
216046203
354198612
354198612
354198612
246659660
246659660
246659660
246659660
246659660
246659660
246659660
246659660
246659660
978517327
978517327
978517327
978517327
978517327
143039655
143039655
143039655
143039655
143039655
143039655
143039655
143039655
143039655
143039655
143039655
143039655
143039655
143039655
143039655
143039655
714163158
714163158
878383650
878383650
17946023
17946023
17946023
17946023
17946023
17946023
17946023
447292611
447292611
447292611
447292611
447292611
888266831
888266831
888266831
888266831
433566458
433566458
433566458
469051843
469051843
596287142
605277536
605277536
605277536
256695719
256695719
256695719
256695719
256695719
256695719
256695719
256695719
256695719
249234046
249234046
57775335
57775335
57775335
57775335
110819039
110819039
110819039
110819039
110819039
110819039
101711465
101711465
101711465
101711465
851470227
851470227
851470227
851470227
851470227
851470227
851470227
851470227
851470227
851470227
851470227
851470227
851470227
851470227
851470227
609493148
609493148
454793323
483655472
483655472
483655472
415631027
415631027
415631027
415631027
51596276
425391529
425391529
425391529
822366672
624912689
624912689
586248061
978736609
978736609
978736609
19661021
19661021
19661021
431212404
839470959
839470959
839470959
839470959
839470959
839470959
839470959
839470959
839470959
839470959
951710795
951710795
951710795
61070223
762118755
762118755
369351055
369351055
369351055
369351055
660379377
660379377
596276250
596276250
596276250
596276250
596276250
596276250
596276250
596276250
596276250
596276250
596276250
596276250
596276250
764440200
268482380
268482380
268482380
268482380
268482380
268482380
268482380
268482380
268482380
268482380
268482380
268482380
268482380
268482380
642794564
642794564
642794564
642794564
642794564
642794564
642794564
970627752
970627752
647399408
647399408
647399408
647399408
647399408
647399408
647399408
718384139
718384139
718384139
718384139
718384139
64794489
64794489
64794489
64794489
64794489
64794489
64794489
189502145
189502145
189502145
650868947
650868947
96786663
660424776
660424776
455725455
443817864
443817864
443817864
443817864
443817864
443817864
443817864
443817864
443817864
443817864
443817864
161198920
938477441
938477441
938477441
938477441
938477441
938477441
938477441
938477441
938477441
938477441
646234132
646234132
646234132
646234132
646234132
646234132
646234132
646234132
646234132
646234132
646234132
646234132
646234132
646234132
646234132
174177621
174177621
174177621
174177621
174177621
174177621
174177621
174177621
508825607
508825607
508825607
122287912
122287912
122287912
623205466
838348490
838348490
773694838
773694838
709720910
911590779
911590779
865390846
865390846
865390846
134123652
134123652
37797078
37797078
37797078
37797078
37797078
37797078
37797078
37797078
37797078
37797078
856053799
856053799
378778567
378778567
653682832
133982902
133982902
133982902
658824035
555950546
319333164
636224342
892780159
892780159
892780159
93281268
93281268
93281268
93281268
93281268
93281268
93281268
521049579
521049579
521049579
521049579
521049579
383211143
383211143
383211143
383211143
383211143
383211143
383211143
383211143
383211143
383211143
383211143
383211143
378194341
378194341
378194341
22954403
22954403
483446974
546029168
546029168
546029168
546029168
546029168
747752959
747752959
747752959
747752959
747752959
832957258
832957258
832957258
832957258
832957258
832957258
832957258
832957258
269401016
269401016
269401016
18432733
293597184
293597184
293597184
293597184
114961057
114961057
114961057
44959928
44959928
778202449
778202449
778202449
778202449
954053391
954053391
954053391
954053391
954053391
954053391
911746091
911746091
911746091
911746091
911746091
911746091
911746091
37220772
37220772
37220772
768378944
768378944
768378944
768378944
768378944
768378944
768378944
768378944
768378944
768378944
768378944
968863161
418560916
418560916
418560916
418560916
418560916
418560916
418560916
418560916
418560916
418560916
418560916
418560916
418560916
87971025
87971025
87971025
87971025
87971025
107395050
107395050
833785749
833785749
833785749
833785749
833785749
833785749
833785749
833785749
833785749
586499463
586499463
586499463
586499463
740704039
740704039
740704039
740704039
740704039
740704039
740704039
740704039
387327216
387327216
387327216
387327216
387327216
387327216
259228970
684450984
692163591
692163591
224136412
224136412
224136412
224136412
224136412
224136412
224136412
224136412
224136412
224136412
224136412
224136412
224136412
224136412
224136412
224136412
746083354
746083354
746083354
465508485
465508485
465508485
465508485
465508485
465508485
465508485
465508485
37722807
453870385
453870385
453870385
952846319
952846319
952846319
970421592
970421592
970421592
970421592
970421592
970421592
970421592
970421592
970421592
970421592
774030390
774030390
774030390
774030390
774030390
774030390
774030390
774030390
774030390
774030390
774030390
869338658
869338658
869338658
790798091
258260053
258260053
258260053
258260053
977959613
977959613
977959613
977959613
146472593
146472593
146472593
647314364
647314364
647314364
186743024
186743024
997960758
997960758
997960758
997960758
67292765
67292765
428552796
428552796
428552796
428552796
250958947
250958947
250958947
250958947
250958947
250958947
284104136
284104136
980519205
980519205
980519205
253684838
920805510
920805510
929626256
929626256
560165965
24221542
24221542
24221542
24221542
447808712
447808712
447808712
447808712
255892542
255892542
255892542
255892542
335214560
335214560
335214560
335214560
335214560
335214560
335214560
335214560
335214560
122449378
122449378
122449378
122449378
122449378
122449378
122449378
122449378
122449378
122449378
122449378
122449378
122449378
530899678
530899678
530899678
530899678
530899678
530899678
921612089
80034127
561926148
561926148
561926148
561926148
925225581
925225581
925225581
925225581
590547143
590547143
590547143
590547143
590547143
590547143
811490965
811490965
811490965
811490965
811490965
811490965
811490965
811490965
811490965
971453371
971453371
371106865
371106865
325650842
325650842
325650842
325650842
325650842
325650842
325650842
325650842
439683473
393606731
393606731
393606731
393606731
393606731
393606731
393606731
393606731
393606731
317022573
992115176
992115176
992115176
992115176
992115176
992115176
272444035
272444035
272444035
272444035
272444035
272444035
192784334
854652051
854652051
854652051
854652051
325870768
325870768
325870768
960113700
960113700
960113700
960113700
960113700
960113700
960113700
960113700
960113700
960113700
960113700
960113700
960113700
631596247
779470297
779470297
779470297
779470297
779470297
779470297
918933361
918933361
907779953
907779953
907779953
907779953
907779953
261005908
616780335
616780335
616780335
616780335
616780335
616780335
862772968
862772968
862772968
862772968
862772968
165127082
475594103
530460063
530460063
530460063
530460063
530460063
530460063
530460063
530460063
530460063
202941332
202941332
202941332
202941332
202941332
202941332
202941332
319895817
319895817
319895817
319895817
319895817
319895817
319895817
319895817
358609935
544421356
544421356
544421356
884513613
884513613
647976092
647976092
647976092
647976092
647976092
647976092
655643694
655643694
655643694
924286820
924286820
924286820
924286820
802735882
802735882
802735882
802735882
445691880
901429388
144002380
144002380
907096175
907096175
907096175
907096175
376240778
376240778
376240778
376240778
376240778
376240778
376240778
376240778
492431875
674569401
312233285
312233285
312233285
312233285
753071903
22691075
22691075
22691075
22691075
22691075
22691075
861920867
348698897
221255331
221255331
221255331
408330359
40818863
40818863
40818863
40818863
40818863
40818863
40818863
40818863
40818863
40818863
40818863
40818863
745866785
745866785
745866785
745866785
203441365
203441365
203441365
996366466
996366466
824694301
824694301
824694301
824694301
762607270
762607270
762607270
762607270
762607270
739863109
576835167
695835142
695835142
695835142
695835142
695835142
695835142
695835142
695835142
695835142
695835142
695835142
695835142
695835142
907694314
705464423
705464423
910532013
910532013
910532013
910532013
910532013
928823107
229342748
229342748
229342748
229342748
229342748
229342748
229342748
229342748
229342748
229342748
707518640
707518640
707518640
707518640
707518640
707518640
707518640
707518640
707518640
707518640
707518640
707518640
707518640
707518640
97679269
97679269
97679269
734643636
734643636
734643636
734643636
734643636
403848893
403848893
469764136
161543848
161543848
161543848
161543848
161543848
161543848
161543848
161543848
161543848
450437449
450437449
85580570
85580570
85580570
85580570
400740122
400740122
768497623
768497623
33113319
152191597
152191597
152191597
450464070
450464070
787319614
787319614
787319614
787319614
787319614
787319614
736214630
736214630
736214630
736214630
428268743
428268743
428268743
428268743
428268743
428268743
59713104
633550410
633550410
633550410
842111366
124142675
124142675
124142675
21263570
417673005
417673005
417673005
417673005
417673005
417673005
417673005
417673005
417673005
701616316
348828773
133649235
133649235
457313087
855673424
855673424
855673424
146303885
654243470
287561920
287561920
287561920
287561920
100822898
100822898
40538606
40538606
129672760
129672760
331946411
331946411
331946411
331946411
331946411
331946411
692259729
692259729
295191637
295191637
295191637
295191637
295191637
115641928
469333427
469333427
469333427
603631582
603631582
603631582
603631582
290976850
290976850
342317203
342317203
342317203
193376175
864454688
864454688
864454688
864454688
864454688
864454688
478710647
478710647
326957124
592787761
592787761
592787761
350677869
350677869
350677869
350677869
636096184
636096184
636096184
592201300
653220656
932800095
932800095
932800095
812816524
812816524
157198451
157198451
933274225
933274225
933274225
933274225
933274225
933274225
933274225
260249983
260249983
260249983
260249983
99376596
99376596
99376596
99376596
99376596
977493281
977493281
977493281
977493281
977493281
411674270
411674270
411674270
411674270
411674270
411674270
411674270
411674270
411674270
411674270
411674270
411674270
411674270
411674270
886983910
886983910
721475663
721475663
721475663
721475663
415567143
415567143
415567143
415567143
415567143
415567143
415567143
69532622
69532622
69532622
69532622
224292577
224292577
224292577
315836806
315836806
315836806
315836806
315836806
315836806
315836806
315836806
315836806
991608515
991608515
991608515
991608515
991608515
991608515
746848778
746848778
130641434
130641434
130641434
130641434
795044357
795044357
795044357
738222802
738222802
738222802
738222802
738222802
738222802
729724648
729724648
429128622
429128622
429128622
429128622
429128622
429128622
89100384
649632186
649632186
874293130
340920098
625149607
625149607
625149607
625149607
625149607
625149607
353431793
353431793
353431793
353431793
353431793
353431793
84882121
59641449
59641449
48836230
48836230
785331136
785331136
689999434
689999434
689999434
689999434
689999434
689999434
689999434
689999434
689999434
689999434
689999434
770203421
770203421
770203421
92931469
92931469
92931469
92931469
981730486
52812900
52812900
52812900
52812900
915720747
915720747
707350824
707350824
707350824
707350824
707350824
707350824
707350824
707350824
707350824
116668792
116668792
116668792
116668792
116668792
116668792
116668792
116668792
116668792
116668792
349700945
349700945
349700945
349700945
349700945
349700945
4005926
331047288
331047288
331047288
848718317
848718317
593155042
593155042
593155042
593155042
593155042
593155042
855665079
855665079
779166438
631126083
631126083
631126083
631126083
631126083
631126083
116797258
116797258
679222360
679222360
679222360
679222360
679222360
679222360
575854356
575854356
792064490
792064490
792064490
792064490
268312060
268312060
40238538
561057585
561057585
856916082
980428365
980428365
980428365
486317298
486317298
486317298
271503396
497098747
131687286
131687286
131687286
131687286
131687286
131687286
185370499
185370499
185370499
185370499
185370499
185370499
185370499
185370499
631163067
631163067
631163067
631163067
631163067
631163067
631163067
631163067
631163067
631163067
631163067
631163067
631163067
631163067
631163067
631163067
631163067
631163067
631163067
631163067
631163067
73361828
73361828
151873246
47268332
47268332
47268332
132161056
132161056
132161056
132161056
132161056
132161056
132161056
132161056
132161056
93955586
260230946
814586780
335222713
335222713
335222713
335222713
335222713
218798588
218798588
218798588
189255807
189255807
189255807
189255807
189255807
189255807
332303932
332303932
332303932
332303932
332303932
332303932
53224212
53224212
53224212
979950387
979950387
282346154
282346154
524332723
524332723
524332723
524332723
483483278
499243445
499243445
646657408
646657408
646657408
646657408
646657408
775464795
775464795
775464795
775464795
775464795
775464795
775464795
775464795
831711739
831711739
831711739
831711739
831711739
831711739
354025101
354025101
354025101
354025101
612075037
612075037
612075037
612075037
636853177
636853177
285989885
416624323
410102617
410102617
410102617
842299520
865842907
865842907
865842907
865842907
865842907
865842907
865842907
865842907
865842907
865842907
865842907
289539264
126657375
748215976
748215976
186659910
186659910
186659910
186659910
186659910
186659910
186659910
186659910
186659910
186659910
186659910
186659910
186659910
186659910
186659910
186659910
186659910
186659910
186659910
186659910
325269150
325269150
325269150
325269150
325269150
325269150
570022639
713014145
713014145
767321738
425619831
681777638
151637717
151637717
151637717
151637717
931384397
931384397
931384397
931384397
931384397
931384397
931384397
931384397
931384397
414555000
889653124
889653124
889653124
889653124
889653124
889653124
889653124
889653124
889653124
165383412
165383412
165383412
165383412
165383412
165383412
165383412
530198382
530198382
417828219
417828219
449750014
449750014
687378210
633725069
633725069
746622340
341935789
341935789
341935789
997642286
997642286
997642286
212805799
212805799
572702814
572702814
572702814
572702814
699263029
699263029
699263029
699263029
119845931
119845931
119845931
119845931
119845931
666022635
666022635
892767839
892767839
892767839
892767839
892767839
892767839
892767839
892767839
892767839
892767839
892767839
892767839
892767839
688675460
688675460
688675460
688675460
688675460
688675460
516811872
445970297
928232765
928232765
168530600
168530600
168530600
168530600
168530600
168530600
168530600
168530600
629516517
629516517
629516517
567272729
669073382
669073382
669073382
669073382
669073382
669073382
575801413
33782116
429766342
429766342
429766342
429766342
997852548
997852548
997852548
997852548
997852548
997852548
997852548
997852548
997852548
997852548
997852548
997852548
997852548
997852548
997852548
997852548
548316114
548316114
548316114
548316114
483868825
483868825
483868825
512068159
512068159
512068159
512068159
130438132
130438132
130438132
130438132
130438132
130438132
130438132
130438132
111517720
111517720
645022061
699193249
699193249
699193249
699193249
699193249
699193249
589047063
589047063
589047063
589047063
589047063
532095323
532095323
532095323
532095323
532095323
532095323
532095323
170669832
567976045
533846635
533846635
533846635
533846635
533846635
533846635
533846635
983728662
983728662
983728662
983728662
983728662
856538610
856538610
856538610
856538610
856538610
856538610
856538610
856538610
856538610
856538610
856538610
856538610
467906917
467906917
467906917
467906917
467906917
467906917
467906917
467906917
962626038
962626038
962626038
962626038
962626038
962626038
962626038
962626038
962626038
588864720
588864720
588864720
588864720
588864720
588864720
757003444
757003444
757003444
757003444
757003444
757003444
757003444
757003444
757003444
757003444
757003444
757003444
839660180
839660180
839660180
839660180
899875768
330923508
330923508
623550269
623550269
958023969
958023969
488065306
488065306
488065306
488065306
488065306
488065306
488065306
488065306
488065306
672880977
210508199
74017739
74017739
74017739
74017739
74017739
74017739
74017739
74017739
383905235
383905235
383905235
853450978
853450978
853450978
853450978
742539964
742539964
742539964
742539964
742539964
742539964
742539964
742539964
742539964
229007403
229007403
7168127
7168127
492603371
492603371
492603371
255484925
874227292
188956170
188956170
188956170
188956170
731781759
731781759
731781759
731781759
731781759
731781759
731781759
731781759
731781759
731781759
731781759
731781759
731781759
731781759
731781759
731781759
731781759
659796397
13003172
13003172
13003172
416083597
801507026
801507026
801507026
801507026
801507026
801507026
801507026
801507026
801507026
801507026
801507026
801507026
801507026
801507026
801507026
801507026
801507026
801507026
801507026
641141924
641141924
641141924
573335372
573335372
573335372
573335372
573335372
233876229
233876229
233876229
47691107
47691107
47691107
47691107
47691107
390859929
390859929
885908392
885908392
885908392
885908392
885908392
885908392
885908392
885908392
934002050
934002050
934002050
934002050
934002050
934002050
54483817
54483817
54483817
54483817
54483817
54483817
314884831
309606133
309606133
135769913
173224128
502014213
502014213
502014213
502014213
616204229
616204229
43526385
43526385
43526385
43526385
43526385
43526385
43526385
43526385
43526385
43526385
43526385
43526385
43526385
43526385
43526385
43526385
43526385
43526385
43526385
991219545
991219545
991219545
991219545
698546316
698546316
698546316
936591792
936591792
936591792
936591792
936591792
936591792
936591792
936591792
936591792
936591792
936591792
936591792
936591792
936591792
936591792
936591792
774637996
774637996
774637996
134976947
134976947
134976947
6006009
6006009
6006009
6006009
6006009
6006009
6006009
6006009
6006009
474506167
903639038
606766625
606766625
370095037
370095037
370095037
370095037
370095037
370095037
61864131
61864131
61864131
61864131
61864131
61864131
61864131
928491724
928491724
928491724
186241651
186241651
203696876
203696876
849077415
849077415
849077415
849077415
849077415
461729179
860397333
860397333
860397333
860397333
860397333
860397333
860397333
860397333
860397333
860397333
860397333
860397333
860397333
666076419
666076419
77501486
77501486
77501486
77501486
77501486
77501486
77501486
77501486
77501486
77501486
77501486
991150325
991150325
991150325
991150325
991150325
991150325
991150325
991150325
991150325
991150325
991150325
615499043
615499043
947866610
947866610
947866610
189101122
457496153
457496153
457496153
23645274
23645274
70758317
70758317
70758317
428986071
428986071
828366414
828366414
828366414
828366414
828366414
898614811
898614811
898614811
898614811
195818996
195818996
195818996
195818996
411179370
113809754
113809754
843865987
843865987
997734340
757550067
777888840
777888840
777888840
777888840
8478532
860629230
860629230
110492159
110492159
110492159
110492159
110492159
110492159
110492159
110492159
110492159
110492159
110492159
890384017
890384017
890384017
890384017
890384017
890384017
890384017
890384017
890384017
890384017
890384017
890384017
890384017
890384017
410294162
410294162
410294162
410294162
410294162
706066533
706066533
522328291
675258454
675258454
675258454
675258454
675258454
675258454
675258454
675258454
675258454
675258454
675258454
675258454
675258454
675258454
675258454
675258454
675258454
675258454
675258454
675258454
675258454
675258454
50873445
50873445
50873445
50873445
50873445
50873445
50873445
50873445
50873445
657857132
657857132
657857132
657857132
587849988
587849988
587849988
198623722
198623722
198623722
198623722
198623722
239901345
239901345
239901345
239901345
239901345
239901345
239901345
239901345
239901345
239901345
239901345
241115245
58667030
58667030
616032113
616032113
581021599
581021599
581021599
581021599
581021599
91572490
75176660
994703789
994703789
994703789
756644124
756644124
649017283
649017283
649017283
649017283
557782860
557782860
557782860
17223801
17223801
17223801
17223801
17223801
17223801
17223801
211868879
211868879
599483616
474230651
474230651
270419041
270419041
270419041
270419041
270419041
270419041
270419041
670849743
670849743
670849743
670849743
670849743
670849743
670849743
211551306
211551306
211551306
211551306
211551306
743080739
95956182
95956182
560205827
560205827
560205827
92237901
92237901
92237901
235247794
235247794
235247794
228393028
228393028
228393028
741272463
741272463
741272463
741272463
741272463
741272463
741272463
741272463
741272463
848726256
848726256
848726256
848726256
848726256
584518808
584518808
584518808
749402620
749402620
542013580
542013580
542013580
306036002
774262093
102149856
814976317
814976317
814976317
814976317
814976317
814976317
482076894
482076894
482076894
482076894
892086258
892086258
892086258
892086258
762268384
762268384
762268384
762268384
762268384
762268384
762268384
762268384
762268384
762268384
409909485
409909485
409909485
250156113
250156113
250156113
250156113
250156113
672773597
672773597
672773597
313843762
313843762
313843762
891535412
891535412
429502490
429502490
61668294
61668294
61668294
61668294
379612247
379612247
379612247
379612247
379612247
379612247
379612247
379612247
183872191
183872191
183872191
3343075
3343075
3343075
3343075
582341985
701450522
701450522
288020464
288020464
288020464
288020464
288020464
659941935
659941935
659941935
562177566
561481482
561481482
561481482
561481482
561481482
91786420
168881192
168881192
168881192
992684182
992684182
992684182
241016585
361752085
361752085
361752085
387057166
975038314
709500014
709500014
709500014
709500014
709500014
709500014
709500014
709500014
709500014
709500014
583698634
583698634
583698634
583698634
583698634
583698634
583698634
122052738
141576231
587608845
587608845
587608845
587608845
587608845
587608845
36625668
47210312
416518873
295035277
295035277
72170741
72170741
72170741
72170741
72170741
643370365
643370365
572907969
927627809
363666327
363666327
363666327
363666327
363666327
363666327
363666327
363666327
363666327
363666327
363666327
363666327
363666327
392338830
392338830
12961152
12961152
718212950
718212950
718212950
718212950
718212950
718212950
718212950
718212950
718212950
718212950
718212950
449782146
904364287
686628324
686628324
686628324
686628324
686628324
686628324
686628324
471511660
471511660
471511660
471511660
471511660
471511660
471511660
471511660
471511660
471511660
471511660
471511660
471511660
471511660
471511660
471511660
471511660
471511660
471511660
471511660
471511660
520163352
520163352
520163352
182235161
182235161
182235161
182235161
182235161
182235161
182235161
182235161
182235161
182235161
182235161
182235161
182235161
668089274
488144130
128790446
59697465
59697465
59697465
59697465
59697465
59697465
59697465
59697465
59697465
440476076
440476076
440476076
199941241
199941241
199941241
199941241
695465254
695465254
695465254
695465254
695465254
695465254
695465254
695465254
695465254
695465254
37019831
37019831
355349879
355349879
355349879
143036523
143036523
253048845
255209640
993991437
993991437
993991437
993991437
993991437
619442675
619442675
619442675
619442675
619442675
619442675
619442675
619442675
774932789
774932789
774932789
275790907
403383158
403383158
916930665
916930665
916930665
916930665
280900446
280900446
280900446
280900446
280900446
280900446
280900446
809513980
731762915
18234440
18234440
18234440
18234440
18234440
18234440
18234440
840410153
262322316
262322316
262322316
262322316
262322316
262322316
958398382
958398382
958398382
958398382
958398382
958398382
958398382
958398382
958398382
958398382
958398382
958398382
958398382
958398382
664806074
664806074
664806074
664806074
664806074
828429135
828429135
828429135
828429135
828429135
828429135
828429135
828429135
828429135
960749899
796759381
796759381
796759381
796759381
160566305
160566305
407472710
595248268
595248268
595248268
595248268
637195174
429111802
429111802
429111802
429111802
575789891
268245486
268245486
268245486
268245486
268245486
829961552
829961552
50885992
50885992
143714263
143714263
143714263
143714263
143714263
680549709
611196163
364202607
364202607
364202607
364202607
364202607
364202607
364202607
364202607
364202607
364202607
364202607
364202607
875965545
875965545
875965545
1963637
1963637
1963637
602862242
900969237
900969237
900969237
900969237
900969237
900969237
900969237
900969237
900969237
900969237
900969237
122335049
122335049
122335049
122335049
122335049
617851065
617851065
617851065
35490939
35490939
35490939
35490939
35490939
35490939
35490939
703294728
703294728
703294728
852303206
852303206
852303206
852303206
852303206
852303206
852303206
739437042
739437042
739437042
364019951
364019951
364019951
509481276
509481276
509481276
509481276
509481276
509481276
509481276
609934086
609934086
609934086
609934086
609934086
609934086
24125882
260154317
211499107
29938942
29938942
977763064
977763064
977763064
977763064
977763064
977763064
977763064
798233097
400596428
306321061
306321061
306321061
256057151
256057151
256057151
256057151
302508041
302508041
302508041
327595363
327595363
327595363
705874308
816760535
816760535
816760535
650519533
650519533
7943593
7943593
7943593
7943593
7943593
405184639
405184639
484144711
743639901
814923115
870324766
870324766
870324766
