981371950
981371950
981371950
981371950
731349784
986666155
233780009
233780009
233780009
709099409
709099409
709099409
709099409
709099409
873258370
873258370
858142799
858142799
858142799
858142799
708831607
708831607
708831607
708831607
708831607
604002837
604002837
409237230
925360574
925360574
53682721
53682721
53682721
940811652
940811652
579824713
579824713
958569286
958569286
958569286
958569286
958569286
934633298
934633298
934633298
934633298
934633298
934633298
727460690
727460690
533423772
533423772
479676715
479676715
479676715
479676715
479676715
479676715
479676715
479676715
479676715
479676715
479676715
479676715
479676715
51655629
51655629
51655629
51655629
446352313
205571464
205571464
205571464
205571464
205571464
205571464
205571464
205571464
205571464
205571464
205571464
205571464
205571464
205571464
205571464
205571464
205571464
205571464
205571464
205571464
88853007
88853007
402775157
194658292
971730908
971730908
971730908
971730908
142009533
142009533
922861631
922861631
517269678
517269678
517269678
517269678
517269678
517269678
119528613
119528613
285894135
474149795
474149795
474149795
474149795
474149795
743832893
285617010
285617010
285617010
539000919
539000919
539000919
539000919
539000919
100808485
100808485
100808485
834882742
299221485
524884294
524884294
524884294
524884294
524884294
524884294
592863000
33213352
763931108
763931108
763931108
763931108
763931108
763931108
306912893
391887835
391887835
529916517
529916517
529916517
529916517
529916517
515123396
301479726
225107567
225107567
225107567
225107567
225107567
225107567
225107567
225107567
123197716
123197716
123197716
123197716
403276301
403276301
779961518
779961518
779961518
838568002
838568002
838568002
838568002
838568002
838568002
834376545
834376545
834376545
834376545
834376545
834376545
834376545
834376545
834376545
624476828
624476828
624476828
624476828
7209916
353439306
279445142
279445142
279445142
550338563
371079126
457015827
457015827
457015827
457015827
457015827
457015827
396976713
396976713
396976713
396976713
396976713
396976713
396976713
396976713
396976713
396976713
396976713
147732263
147732263
550776776
550776776
550776776
550776776
550776776
550776776
920553203
920553203
489244846
709821422
473018683
784003477
149381242
149381242
462337705
462337705
462337705
462337705
462337705
462337705
462337705
462337705
617235146
617235146
617235146
617235146
617235146
617235146
617235146
617235146
617235146
617235146
617235146
617235146
617235146
616266614
474394007
438863052
609089579
609089579
609089579
332732860
332732860
332732860
164766236
164766236
164766236
214441609
214441609
214441609
214441609
214441609
214441609
268692948
268692948
838466929
838466929
838466929
466221896
466221896
466221896
466221896
466221896
489794309
489794309
489794309
925511727
925511727
925511727
724338552
861891531
861891531
861891531
861891531
861891531
861891531
861891531
861891531
861891531
861891531
861891531
861891531
861891531
861891531
545167540
502426148
267699196
267699196
620960124
190401943
190401943
190401943
190401943
190401943
190401943
190401943
190401943
190401943
71040287
71040287
71040287
274428795
274428795
274428795
274428795
274428795
438686632
139945067
139945067
139945067
139945067
139945067
139945067
225790705
225790705
225790705
225790705
22075163
734213894
734213894
734213894
1651542
1651542
1651542
1651542
158199331
158199331
158199331
158199331
984192577
575131832
575131832
575131832
575131832
575131832
422777947
422777947
826380414
826380414
506486951
506486951
66169440
111297340
597585304
597585304
955531450
955531450
955531450
603001079
603001079
789412806
789412806
440297926
440297926
440297926
981742532
224325284
224325284
697143328
697143328
31665517
31665517
31665517
915336152
915336152
915336152
915336152
915336152
915336152
571446025
571446025
571446025
571446025
498970495
498970495
498970495
498970495
498970495
498970495
498970495
615707343
615707343
615707343
615707343
615707343
206176958
206176958
206176958
206176958
206176958
206176958
206176958
206176958
178530266
178530266
178530266
178530266
178530266
178530266
178530266
41958772
41958772
647766687
647766687
647766687
647766687
647766687
647766687
647766687
647766687
647766687
647766687
647766687
647766687
647766687
647766687
647766687
450352212
873347097
873347097
788577926
788577926
788577926
788577926
206178353
206178353
206178353
206178353
206178353
38418236
38418236
38418236
38418236
38418236
521437252
521437252
521437252
539215413
916115201
916115201
916115201
916115201
916115201
916115201
916115201
916115201
132463437
132463437
790094971
790094971
790094971
790094971
790094971
372681393
754113258
754113258
283126514
283126514
811152700
333906335
333906335
333906335
266289258
266289258
266289258
266289258
266289258
815023810
815023810
815023810
815023810
815023810
839663210
839663210
839663210
839663210
839663210
839663210
839663210
839663210
839663210
839663210
127059251
493437737
414040535
744015747
744015747
744015747
744015747
668600918
668600918
668600918
828688151
828688151
828688151
828688151
828688151
828688151
828688151
863461511
863461511
863461511
863461511
863461511
863461511
89487231
89487231
89487231
89487231
89487231
89487231
89487231
89487231
89487231
89487231
89487231
89487231
89487231
89487231
89487231
89487231
89487231
89487231
89487231
89487231
89487231
89487231
89487231
701251518
144912695
144912695
144912695
144912695
144912695
144912695
144912695
952533671
952533671
375005595
78366716
545144924
545144924
545144924
545144924
545144924
172065748
172065748
172065748
172065748
744332367
744332367
744332367
744332367
744332367
805283174
596089189
887016174
887016174
887016174
887016174
887016174
887016174
887016174
887016174
887016174
887016174
887016174
887016174
887016174
887016174
887016174
637014043
637014043
637014043
637014043
637014043
138349396
138349396
138349396
615718102
615718102
615718102
615718102
615718102
615718102
615718102
322380743
816555621
374197798
374197798
374197798
374197798
374197798
374197798
374197798
374197798
374197798
374197798
374197798
374197798
624816047
868905918
868905918
868905918
868905918
868905918
494789595
494789595
274117791
274117791
274117791
274117791
274117791
274117791
274117791
274117791
274117791
504647685
504647685
504647685
173185495
173185495
173185495
870044422
870044422
870044422
870044422
870044422
870044422
870044422
870044422
224907431
388463502
388463502
303692183
303692183
196426201
196426201
196426201
196426201
196426201
112084866
112084866
112084866
112084866
112084866
112084866
112084866
708455
708455
708455
708455
708455
776245837
776245837
776245837
776245837
776245837
776245837
776245837
776245837
535521801
535521801
535521801
535521801
535521801
535521801
535521801
535521801
535521801
101213489
101213489
942078637
164446578
164446578
551676436
551676436
551676436
551676436
551676436
551676436
551676436
551676436
551676436
551676436
551676436
471347813
471347813
471347813
471347813
471347813
471347813
471347813
471347813
633496656
175162487
566360516
566360516
566360516
566360516
702364968
702364968
253471311
253471311
253471311
253471311
253471311
253471311
253471311
253471311
253471311
973349349
973349349
973349349
973349349
973349349
973349349
973349349
973349349
124232355
124232355
124232355
124232355
954938564
954938564
390191245
390191245
816531357
816531357
816531357
707269016
707269016
707269016
707269016
707269016
707269016
707269016
707269016
707269016
346732291
346732291
346732291
346732291
346732291
346732291
724372927
724372927
760750069
760750069
295441089
295441089
295441089
295441089
295441089
295441089
995796374
919840813
919840813
945672099
945672099
945672099
945672099
277891774
277891774
277891774
277891774
277891774
277891774
277891774
277891774
846828321
846828321
846828321
846828321
846828321
846828321
846828321
846828321
846828321
94700804
94700804
94700804
903448965
903448965
295520280
785212179
785212179
785212179
173397901
173397901
173397901
173397901
173397901
173397901
173397901
173397901
139215547
139215547
139215547
139215547
108073736
618945254
618945254
132319825
132319825
132319825
132319825
132319825
132319825
533327894
533327894
650783776
255951902
255951902
255951902
255951902
255951902
255951902
255951902
255951902
284228405
284228405
284228405
284228405
284228405
284228405
284228405
284228405
284228405
284228405
284228405
284228405
284228405
393559680
393559680
937315090
937315090
937315090
377818448
377818448
377818448
377818448
377818448
377818448
377818448
377818448
377818448
377818448
377818448
377818448
377818448
377818448
377818448
377818448
794407831
794407831
57047607
57047607
57047607
57047607
57047607
38062939
470463731
470463731
470463731
470463731
637463031
266028221
266028221
266028221
266028221
266028221
266028221
266028221
266028221
420722479
420722479
420722479
70577650
70577650
70577650
70577650
70577650
70577650
914051197
914051197
914051197
511937492
511937492
511937492
442991372
442991372
442991372
442991372
580148005
580148005
305718618
305718618
305718618
244881024
244881024
244881024
244881024
244881024
244881024
244881024
244881024
244881024
244881024
244881024
244881024
541390836
541390836
541390836
541390836
117364894
117364894
117364894
733242857
733242857
733242857
792541465
792541465
195176645
195176645
195176645
195176645
195176645
195176645
195176645
567074696
567074696
567074696
567074696
567074696
567074696
567074696
567074696
567074696
567074696
567074696
567074696
567074696
567074696
291244324
218455575
218455575
218455575
218455575
586738967
586738967
17598633
17598633
17598633
707478737
707478737
707478737
893164988
533203368
533203368
533203368
67754284
67754284
67754284
67754284
67754284
882388809
882388809
882388809
882388809
882388809
882388809
882388809
882388809
882388809
882388809
882388809
9526215
9526215
9526215
9526215
9526215
9526215
9526215
9526215
9526215
9526215
246484566
246484566
72888224
72888224
72888224
284067156
796629522
796629522
796629522
796629522
796629522
796629522
796629522
730252930
730252930
730252930
730252930
730252930
730252930
730252930
730252930
560949311
560949311
560949311
560949311
560949311
638709686
638709686
638709686
916244985
916244985
916244985
916244985
205556421
205556421
205556421
277916885
277916885
277916885
581942302
581942302
146861259
146861259
146861259
960180855
960180855
960180855
960180855
960180855
960180855
130001841
130001841
747618743
747618743
747618743
747618743
747618743
599822739
599822739
599822739
599822739
599822739
56504901
56504901
56504901
56504901
56504901
56504901
429339539
429339539
600165609
600165609
641985238
641985238
955131444
955131444
955131444
955131444
955131444
955131444
955131444
955131444
955131444
955131444
955131444
425144503
176664595
583518245
583518245
650585855
650585855
88551670
88551670
54739452
54739452
54739452
806385594
806385594
445220704
445220704
445220704
445220704
445220704
445220704
445220704
445220704
445220704
445220704
445220704
445220704
445220704
445220704
445220704
445220704
445220704
445220704
445220704
220839354
760120099
760120099
760120099
314615853
314615853
177917192
121227096
121227096
121227096
121227096
121227096
121227096
121227096
290972814
863232145
863232145
863232145
863232145
500476644
500476644
500476644
500476644
500476644
11414658
11414658
11414658
41432144
41432144
819506464
819506464
819506464
175608518
175608518
175608518
175608518
538618625
538618625
538618625
538618625
887984889
887984889
252848869
814653394
814653394
179166692
179166692
109051423
370858882
370858882
484087788
245483796
245483796
245483796
245483796
245483796
245483796
245483796
789181419
789181419
789181419
789181419
789181419
789181419
789181419
789181419
789181419
789181419
789181419
789181419
789181419
569893384
569893384
308889157
807324238
807324238
484030976
484030976
484030976
484030976
484030976
484030976
484030976
484030976
473903629
473903629
473903629
473903629
473903629
473903629
473903629
473903629
473903629
473903629
482001247
482001247
482001247
482001247
482001247
482001247
482001247
482001247
482001247
482001247
482001247
482001247
825791309
825791309
185612957
202432825
202432825
202432825
542465182
89062767
89062767
89062767
89062767
89062767
89062767
89062767
587365607
587365607
587365607
291713332
291713332
489565313
849007387
761072109
761072109
761072109
761072109
761072109
761072109
761072109
873683228
111507407
775413521
775413521
775413521
775413521
775413521
775413521
775413521
775413521
157861147
923631478
923631478
997885242
722086238
722086238
722086238
722086238
722086238
332800790
332800790
332800790
332800790
332800790
676329841
676329841
676329841
676329841
466134474
466134474
466134474
466134474
466134474
466134474
466134474
466134474
13487428
13487428
13487428
951592130
951592130
951592130
951592130
951592130
408456701
408456701
408456701
408456701
408456701
999177556
999177556
999177556
999177556
999177556
999177556
999177556
442674942
924270854
924270854
528029052
528029052
528029052
528029052
879348043
105135925
952791932
952791932
952791932
952791932
952791932
952791932
952791932
952791932
677957526
677957526
677957526
677957526
164737729
164737729
164737729
164737729
68798998
769213205
769213205
769213205
769213205
769213205
102727415
102727415
102727415
7685822
7685822
7685822
7685822
695687095
738075842
738075842
738075842
738075842
202629733
202629733
202629733
820831107
820831107
820831107
820831107
820831107
820831107
820831107
820831107
820831107
820831107
820831107
905793322
903123555
845982747
845982747
845982747
845982747
845982747
845982747
845982747
845982747
845982747
845982747
845982747
845982747
975799984
975799984
975799984
975799984
975799984
975799984
975799984
975799984
975799984
107352928
924945785
924945785
924945785
541592919
541592919
541592919
541592919
996419239
996419239
996419239
996419239
996419239
628653338
353809506
144041178
144041178
144041178
144041178
144041178
144041178
408100399
684959423
684959423
15533360
15533360
15533360
15533360
15533360
15533360
15533360
15533360
15533360
15533360
15533360
15533360
15533360
15533360
15533360
836688828
827782475
827782475
827782475
827782475
827782475
18865468
375705023
375705023
375705023
375705023
375705023
375705023
375705023
375705023
375705023
107028120
388685717
388685717
388685717
388685717
388685717
413485563
413485563
413485563
413485563
413485563
413485563
413485563
413485563
255695948
255695948
255695948
808358398
857613092
857613092
857613092
857613092
857613092
857613092
857613092
857613092
357521853
357521853
357521853
357521853
252194045
252194045
430273280
430273280
430273280
430273280
430273280
385933026
385933026
385933026
385933026
385933026
126995361
126995361
126995361
126995361
824562542
642859400
642859400
642859400
642859400
642859400
167609664
167609664
167609664
167609664
167609664
956127405
956127405
956127405
956127405
561447260
19046379
19046379
19046379
19046379
19046379
19046379
19046379
282344396
282344396
282344396
282344396
282344396
880852695
880852695
21861901
437080514
437080514
437080514
437080514
437080514
437080514
915808084
915808084
915808084
652944657
652944657
845187713
845187713
845187713
845187713
999264360
999264360
999264360
999264360
999264360
999264360
553844232
553844232
553844232
553844232
553844232
553844232
553844232
553844232
553844232
553844232
553844232
553844232
553844232
553844232
553844232
553844232
908243140
908243140
908243140
908243140
490374082
490374082
728120843
728120843
728120843
728120843
728120843
728120843
728120843
728120843
728120843
728120843
728120843
728120843
728120843
728120843
728120843
728120843
728120843
728120843
91800
91800
91800
91800
843986593
781352636
781352636
524027015
9671907
417664022
417664022
417664022
417664022
417664022
417664022
296509728
964441495
964441495
964441495
512834686
512834686
512834686
512834686
142456774
142456774
3312110
3312110
3312110
3312110
994179085
531069278
531069278
531069278
531069278
531069278
445268641
445268641
445268641
772940303
772940303
906001896
906001896
906001896
906001896
906001896
906001896
906001896
906001896
906001896
906001896
906001896
906001896
906001896
906001896
906001896
906001896
906001896
906001896
906001896
906001896
906001896
906001896
906001896
906001896
906001896
906001896
906001896
906001896
906001896
906001896
906001896
834679681
213164666
213164666
213164666
604139564
604139564
604139564
604139564
604139564
637804401
637804401
637804401
743638561
55841418
139623691
597038039
597038039
597038039
597038039
597038039
458771485
458771485
134411240
134411240
107485942
107485942
107485942
107485942
107485942
107485942
607995584
607995584
607995584
607995584
607995584
607995584
607995584
823703180
823703180
823703180
823703180
823703180
823703180
115488996
115488996
115488996
767940247
767940247
767940247
184424712
184424712
184424712
184424712
184424712
222249949
222249949
222249949
222249949
222249949
222249949
222249949
222249949
222249949
222249949
761071053
761071053
761071053
805139174
805139174
805139174
805139174
805139174
805139174
676442240
676442240
426072843
426072843
426072843
426072843
426072843
811289318
811289318
811289318
330065219
330065219
330065219
330065219
330065219
330065219
330065219
330065219
330065219
330065219
330065219
49120548
49120548
49120548
49120548
49120548
519476429
519476429
519476429
519476429
519476429
519476429
519476429
455796535
455796535
455796535
455796535
455796535
455796535
606853864
606853864
606853864
471350602
471350602
145485343
145485343
145485343
145485343
145485343
145485343
926877985
926877985
926877985
996682175
474613624
995085606
995085606
995085606
184651729
843274616
843274616
843274616
843274616
843274616
366334789
553626688
115998748
525964741
525964741
525964741
525964741
525964741
525964741
525964741
525964741
525964741
525964741
525964741
147606136
483091963
483091963
483091963
483091963
483091963
690693061
690693061
690693061
690693061
690693061
690693061
690693061
690693061
690693061
690693061
690693061
690693061
183754833
183754833
183754833
183754833
19497685
19497685
19497685
850540353
254791439
269556555
292523923
292523923
292523923
292523923
292523923
321001622
321001622
127799329
296367242
52594630
52594630
844621547
805088200
421212874
590138287
590138287
386264079
386264079
386264079
386264079
386264079
340503812
340503812
340503812
729096429
729096429
729096429
729096429
729096429
628441157
628441157
842980947
772801509
277268288
557573449
557573449
557573449
557573449
557573449
557573449
557573449
557573449
479507680
479507680
479507680
207966946
207966946
207966946
207966946
207966946
545051377
612535192
612535192
612535192
612535192
273169502
273169502
130988139
130988139
934321383
728258425
1175453
1175453
893033730
893033730
817149264
670524767
135011086
417973962
417973962
417973962
76955112
76955112
76955112
198123766
198123766
198123766
239685872
239685872
239685872
239685872
239685872
310024971
591485862
621987192
621987192
621987192
621987192
621987192
621987192
621987192
621987192
621987192
621987192
617626751
312045882
312045882
648149529
648149529
648149529
922305616
9807935
9807935
9807935
9807935
9807935
9807935
9807935
9807935
9807935
73158538
73158538
450393016
450393016
450393016
450393016
450393016
450393016
558249505
718165287
718165287
515992569
515992569
515992569
322304627
322304627
322304627
322304627
322304627
322304627
189393508
189393508
189393508
189393508
189393508
185586574
701078220
701078220
701078220
343000768
980315685
980315685
582071424
582071424
582071424
582071424
582071424
660281345
660281345
660281345
246126441
991831389
991831389
991831389
991831389
966614623
380982899
380982899
380982899
380982899
380982899
380982899
9612345
9612345
9612345
9612345
918005000
110998408
110998408
110998408
110998408
110998408
110998408
110998408
110998408
520504650
520504650
215385804
215385804
102531965
102531965
102531965
102531965
102531965
102531965
980476895
858224172
317433018
317433018
317433018
317433018
317433018
317433018
317433018
41038235
108735010
108735010
108735010
108735010
108735010
108735010
108735010
108735010
108735010
108735010
108735010
108735010
108735010
108735010
239933751
239933751
226363021
267129342
267129342
267129342
267129342
267129342
549512712
549512712
549512712
81980727
81980727
956702503
776586408
304890192
304890192
51983498
51983498
51983498
753729107
753729107
753729107
3202016
3202016
3202016
3202016
722198188
722198188
722198188
722198188
722198188
722198188
722198188
722198188
151450590
151450590
582675986
582675986
289217588
289217588
289217588
352085422
254943002
82853286
82853286
82853286
82853286
82853286
82853286
100947919
100947919
100947919
100947919
100947919
100947919
100947919
100947919
583453950
583453950
583453950
583453950
583453950
884219731
884219731
884219731
183144606
183144606
882440077
882440077
882440077
882440077
370556300
978036873
978036873
978036873
117583326
117583326
348220336
348220336
348220336
348220336
348220336
348220336
348220336
348220336
348220336
348220336
525100421
525100421
525100421
525100421
968383078
466280585
466280585
466280585
466280585
466280585
71081726
556166987
493363517
725545770
725545770
725545770
6789312
6789312
6789312
900332972
900332972
58448377
969129249
969129249
969129249
969129249
992419434
992419434
528946077
528946077
528946077
266287424
778204516
415729722
415729722
598365041
168364665
168364665
168364665
168364665
168364665
168364665
168364665
168364665
168364665
552771296
552771296
528261240
528261240
528261240
528261240
528261240
528261240
528261240
528261240
528261240
528261240
528261240
528261240
528261240
528261240
528261240
528261240
528261240
528261240
528261240
528261240
104128255
616001054
616001054
461632629
461632629
461632629
461632629
461632629
461632629
461632629
461632629
461632629
461632629
513365188
513365188
720789583
304517245
304517245
337064198
337064198
337064198
337064198
337064198
337064198
672819950
672819950
672819950
672819950
672819950
672819950
379875492
314177351
967301406
967301406
967301406
679327444
679327444
679327444
551595021
551595021
551595021
551595021
660047487
479267544
479267544
479267544
481105933
481105933
200574383
460056682
32892813
687559505
687559505
277156749
277156749
813868808
813868808
813868808
813868808
813868808
813868808
113274517
673573590
673573590
673573590
673573590
673573590
947999003
947999003
947999003
391042534
391042534
570280950
570280950
570280950
335085295
335085295
335085295
335085295
335085295
335085295
335085295
335085295
320144782
928282733
928282733
928282733
928282733
928282733
928282733
928282733
928282733
830142426
830142426
830142426
740087966
740087966
778387469
778387469
776657557
776657557
776657557
776657557
39605319
39605319
39605319
751309222
751309222
751309222
751309222
751309222
751309222
793907587
793907587
853380884
853380884
853380884
853380884
853380884
708517222
418410891
418410891
418410891
418410891
418410891
418410891
418410891
418410891
418410891
598558230
954428687
954428687
954428687
233333398
233333398
233333398
233333398
233333398
233333398
233333398
233333398
33914690
33914690
33914690
128131489
128131489
128131489
504299247
909541944
909541944
909541944
353037502
353037502
353037502
353037502
353037502
361579402
361579402
890000568
890000568
890000568
890000568
890000568
811634330
811634330
27389387
27389387
27389387
27389387
27389387
27389387
27389387
357188609
357188609
357188609
927358574
491917771
170135105
170135105
170135105
170135105
170135105
170135105
660637420
755650410
771507019
771507019
771507019
982290191
982290191
982290191
856864587
856864587
856864587
856864587
856864587
856864587
856864587
827710750
827710750
827710750
827710750
827710750
988174215
988174215
988174215
988174215
988174215
803886355
803886355
803886355
803886355
137671299
137671299
137671299
137671299
137671299
137671299
137671299
314840919
314840919
761023856
761023856
980666383
980666383
980666383
980666383
980666383
708054384
687423422
687423422
687423422
687423422
687423422
687423422
687423422
687423422
687423422
687423422
687423422
687423422
687423422
687423422
687423422
687423422
687423422
569737900
631218182
631218182
773293145
773293145
773293145
773293145
606175084
606175084
648059379
231000606
228316046
228316046
228316046
228316046
228316046
671903618
823506218
823506218
823506218
887614009
291824496
438874475
438874475
383068340
383068340
383068340
383068340
890278999
890278999
890278999
890278999
890278999
890278999
890278999
890278999
890278999
890278999
890278999
890278999
890278999
890278999
890278999
890278999
890278999
858501008
858501008
858501008
943951702
943951702
943951702
943951702
943951702
943951702
722315010
722315010
722315010
722315010
722315010
722315010
722315010
722315010
722315010
722315010
722315010
722315010
722315010
639123910
639123910
639123910
639123910
395925030
395925030
395925030
31989161
31989161
31989161
31989161
31989161
31989161
31989161
31989161
31989161
31989161
31989161
31989161
31989161
18070154
18070154
18070154
556117061
459447657
459447657
459447657
459447657
459447657
459447657
459447657
459447657
459447657
79313767
459719032
459719032
459719032
459719032
459719032
459719032
459719032
459719032
459719032
459719032
459719032
571072738
571072738
571072738
571072738
571072738
571072738
571072738
571072738
571072738
137999583
210195257
402830315
402830315
402830315
402830315
402830315
402830315
402830315
402830315
402830315
402830315
528892225
340581325
340581325
340581325
340581325
340581325
340581325
340581325
340581325
340581325
340581325
340581325
40519852
291806152
912467473
835394256
835394256
835394256
835394256
80766395
80766395
277911806
277911806
277911806
277911806
277911806
864892458
864892458
813887679
813887679
813887679
813887679
200002945
200002945
200002945
200002945
200002945
200002945
200002945
200002945
200002945
200002945
924894010
924894010
924894010
924894010
924894010
924894010
924894010
924894010
924894010
10898352
10898352
348137576
348137576
348137576
348137576
348137576
348137576
348137576
348137576
348137576
725116349
345394151
345394151
345394151
345394151
146723834
146723834
146723834
729916386
347228399
347228399
347228399
347228399
347228399
347228399
347228399
347228399
784975169
784975169
808301139
808301139
808301139
808301139
225691927
225691927
225691927
225691927
225691927
225691927
225691927
225691927
225691927
225691927
225691927
225691927
225691927
225691927
225691927
123721339
123721339
123721339
123721339
123721339
107250884
107250884
107250884
107250884
107250884
107250884
107250884
107250884
107250884
107250884
107250884
107250884
107250884
107250884
107250884
107250884
107250884
595533163
595533163
595533163
595533163
906387058
83013297
83013297
83013297
895811300
895811300
127318931
127318931
865449584
555715783
555715783
343810649
926054220
926054220
926054220
926054220
926054220
926054220
926054220
926054220
268766061
268766061
268766061
268766061
268766061
268766061
549314300
549314300
109518931
109518931
109518931
350877149
350877149
855421748
855421748
855421748
641304266
641304266
641304266
899218400
899218400
899218400
229348814
683451037
683451037
683451037
683451037
683451037
683451037
683451037
683451037
156329800
156329800
156329800
156329800
156329800
594244998
594244998
594244998
594244998
594244998
594244998
543953632
543953632
543953632
543953632
543953632
543953632
543953632
543953632
543953632
543953632
543953632
543953632
529247223
529247223
529247223
529247223
942300796
942300796
942300796
659717342
659717342
659717342
659717342
659717342
659717342
659717342
659717342
659717342
659717342
659717342
659717342
659717342
659717342
659717342
501962203
501962203
332852588
332852588
332852588
112544053
112544053
839495142
839495142
839495142
839495142
839495142
839495142
887796516
953593766
953593766
953593766
953593766
60293279
60293279
60293279
230777171
230777171
230777171
230777171
230777171
230777171
230777171
230777171
230777171
956442930
956442930
956442930
956442930
956442930
956442930
956442930
956442930
956442930
956442930
91971378
91971378
91971378
884970224
884970224
674314851
674314851
385546057
385546057
385546057
67034521
189840699
189840699
189840699
189840699
189840699
189840699
189840699
189840699
189840699
189840699
189840699
189840699
189840699
910145203
910145203
910145203
910145203
910145203
910145203
910145203
910145203
910145203
364621819
790259872
790259872
790259872
790259872
790259872
790259872
790259872
790259872
774220324
58011490
58011490
58011490
58011490
58011490
58011490
58011490
229375184
229375184
229375184
229375184
229375184
229375184
229375184
229375184
229375184
229375184
229375184
229375184
46360719
46360719
46360719
46360719
46360719
46360719
46360719
46360719
46360719
340126559
340126559
340126559
844393877
165560996
165560996
165560996
165560996
188859584
188859584
188859584
188859584
188859584
408325212
408325212
408325212
408325212
408325212
408325212
583286005
583286005
716798552
716798552
716798552
716798552
682914356
682914356
682914356
682914356
682914356
682914356
281449410
281449410
281449410
866918086
866918086
866918086
262326563
335728831
335728831
335728831
213186282
213186282
213186282
213186282
213186282
213186282
213186282
213186282
437281983
437281983
775874741
775874741
775874741
775874741
775874741
238845234
238845234
238845234
887354907
58040845
58040845
58040845
268702306
268702306
268702306
114920817
114920817
114920817
114920817
114920817
114920817
38503588
38503588
320344204
75997137
228247358
494698613
494698613
494698613
494698613
494698613
494698613
494698613
494698613
494698613
327585850
323898409
269728526
269728526
269728526
269728526
269728526
269728526
900231067
104617195
104617195
104617195
104617195
231835692
231835692
231835692
231835692
767998179
767998179
537488226
853162291
853162291
873920536
893949508
690723487
690723487
690723487
690723487
777168710
777168710
777168710
777168710
68609522
150136579
150136579
150136579
150136579
150136579
150136579
150136579
150136579
150136579
150136579
718499183
422587380
422587380
22748814
22748814
22748814
22748814
610368026
175639801
175639801
175639801
513741056
885205844
885205844
885205844
885205844
885205844
275677906
504673589
525362090
525362090
525362090
525362090
525362090
525362090
525362090
525362090
327707651
870619696
591564961
591564961
37779728
37779728
941812712
941812712
272592188
272592188
272592188
272592188
272592188
272592188
272592188
272592188
519923175
519923175
519923175
519923175
519923175
519923175
519923175
519923175
519923175
519923175
519923175
519923175
519923175
519923175
519923175
519923175
519923175
72169864
72169864
72169864
20866787
20866787
20866787
454678927
454678927
842724988
842724988
842724988
392067128
392067128
392067128
392067128
392067128
392067128
392067128
392067128
392067128
392067128
962633014
962633014
962633014
962633014
962633014
962633014
962633014
633953974
216320244
497205002
497205002
360715012
360715012
744339410
744339410
744339410
744339410
744339410
744339410
744339410
744339410
744339410
744339410
167983574
167983574
167983574
167983574
350238933
888836602
737934572
745027039
745027039
745027039
217200371
217200371
217200371
217200371
217200371
217200371
217200371
217200371
217200371
259271472
889741062
889741062
889741062
889741062
889741062
889741062
889741062
889741062
889741062
889741062
444285054
444285054
444285054
981333249
799695107
260273605
260273605
260273605
260273605
260273605
260273605
260273605
260273605
260273605
996366710
996366710
996366710
996366710
996366710
996366710
996366710
560421957
560421957
560421957
560421957
560421957
560421957
560421957
560421957
560421957
893851268
893851268
893851268
893851268
375304874
375304874
860650205
860650205
860650205
860650205
860650205
257452149
257452149
129716618
129716618
129716618
95183320
95183320
95183320
95183320
359389688
652668878
652668878
652668878
652668878
652668878
652668878
652668878
652668878
652668878
652668878
652668878
296087396
296087396
296087396
296087396
296087396
296087396
768974714
243112611
243112611
581238653
581238653
581238653
581238653
551567092
551567092
165038226
165038226
137907313
137907313
137907313
137907313
137907313
620711984
620711984
620711984
620711984
308874539
308874539
864022939
864022939
864022939
864022939
593669470
337740350
337740350
446954207
446954207
446954207
446954207
446954207
608881938
608881938
608881938
608881938
439583929
439583929
439583929
439583929
439583929
439583929
439583929
439583929
439583929
439583929
439583929
439583929
473203314
377162270
166128413
166128413
166128413
166128413
166128413
166128413
166128413
728210583
728210583
728210583
728210583
243700846
243700846
243700846
243700846
668604448
668604448
668604448
668604448
668604448
668604448
668604448
668604448
668604448
668604448
668604448
437058463
437058463
437058463
437058463
437058463
437058463
437058463
437058463
884957290
884957290
884957290
884957290
884957290
884957290
884957290
884957290
884957290
884957290
884957290
884957290
884957290
292154755
292154755
292154755
460996797
460996797
460996797
602116758
602116758
602116758
602116758
602116758
602116758
602116758
602116758
602116758
408527852
612234546
612234546
612234546
33617107
33617107
52587230
188607388
919724971
58859020
58859020
411536405
411536405
411536405
411536405
411536405
411536405
387966554
387966554
387966554
387966554
410325304
410325304
986071996
986071996
986071996
986071996
310999746
310999746
310999746
310999746
310999746
310999746
310999746
20132611
20132611
20132611
20132611
20132611
20132611
20132611
20132611
20132611
20132611
20132611
20132611
20132611
20132611
20132611
20132611
20132611
20132611
606994143
606994143
606994143
606994143
151706001
151706001
196255233
196255233
196255233
196255233
196255233
429575969
429575969
429575969
429575969
375738637
375738637
375738637
566399697
566399697
566399697
566399697
429714633
429714633
429714633
657550432
312025784
390247051
390247051
678101129
678101129
678101129
678101129
678101129
217870360
217870360
217870360
217870360
600086141
600086141
600086141
600086141
600086141
600086141
559268340
559268340
292774814
292774814
292774814
292774814
292774814
292774814
647652465
647652465
523702882
702635921
702635921
695286296
695286296
695286296
98145622
98145622
98145622
98145622
98145622
98145622
98145622
98145622
98145622
98145622
98145622
98145622
98145622
98145622
98145622
98145622
98145622
98145622
98145622
98145622
98145622
231420064
211929959
211929959
385704687
385704687
385704687
385704687
385704687
385704687
483329649
281829060
790999049
790999049
228476957
228476957
228476957
228476957
228476957
228476957
710887065
710887065
542488288
542488288
542488288
542488288
542488288
542488288
542488288
542488288
937584285
937584285
783984690
534329442
534329442
534329442
534329442
534329442
590523335
19484159
486368726
486368726
486368726
486368726
486368726
691954921
609241862
626786551
626786551
626786551
626786551
351973100
351973100
254808366
704025970
704025970
704025970
521028190
521028190
521028190
521028190
521028190
521028190
521028190
521028190
521028190
745827479
745827479
745827479
745827479
745827479
745827479
745827479
745827479
745827479
745827479
745827479
745827479
745827479
745827479
745827479
530637546
530637546
530637546
530637546
530637546
530637546
972193047
972193047
972193047
448363763
45006096
45006096
45006096
45006096
45006096
45006096
45006096
322357494
115890919
115890919
115890919
812815622
812815622
812815622
812815622
812815622
83257294
83257294
83257294
83257294
83257294
17285783
17285783
17285783
141385472
141385472
141385472
998602711
998602711
214305307
214305307
260527949
260527949
260527949
667474012
667474012
667474012
667474012
507317567
507317567
507317567
507317567
640842836
640842836
640842836
640842836
134994247
134994247
134994247
842419084
842419084
842419084
184777022
184777022
184777022
184777022
184777022
81154278
81154278
81154278
81154278
81154278
14767284
14767284
14767284
14767284
14767284
14767284
14767284
14767284
14767284
14767284
14767284
14767284
90676897
90676897
90676897
90676897
90676897
90676897
92362908
92362908
92362908
92362908
92362908
92362908
92362908
92362908
92362908
682913835
10440438
10440438
10440438
10440438
231509645
231509645
231509645
7340530
480746362
480746362
480746362
480746362
480746362
480746362
612968190
612968190
612968190
397136414
397136414
397136414
397136414
397136414
154654384
154654384
154654384
794060557
660203136
587131334
587131334
587131334
587131334
587131334
587131334
587131334
587131334
587131334
587131334
184361083
184361083
184361083
184361083
46014575
46014575
46014575
734511474
215183429
215183429
215183429
215183429
215183429
215183429
330967932
330967932
330967932
330967932
330967932
330967932
330967932
330967932
520206932
526381369
968805238
968805238
968805238
968805238
968805238
968805238
968805238
968805238
625030234
625030234
625030234
327324875
327324875
327324875
392269859
728183660
728183660
728183660
728183660
728183660
728183660
630264310
502810419
502810419
683405448
683405448
16917099
16917099
16917099
16917099
16917099
16917099
597034971
597034971
597034971
852872648
852872648
852872648
852872648
852872648
852872648
852872648
852872648
852872648
852872648
755348107
755348107
755348107
755348107
755348107
755348107
605615375
313541907
313541907
313541907
763195554
763195554
388640004
957797924
957797924
957797924
957797924
957797924
384286449
384286449
384286449
384286449
384286449
384286449
377786218
112189384
219072891
928584823
928584823
928584823
665204538
665204538
54344989
54344989
54344989
54344989
54344989
54344989
54344989
54344989
54344989
947714516
857335901
857335901
857335901
857335901
716465230
716465230
716465230
716465230
604516647
604516647
604516647
604516647
604516647
604516647
604516647
604516647
604516647
604516647
604516647
982952459
982952459
982952459
982952459
893303994
893303994
893303994
893303994
893303994
893303994
427328137
106244894
106244894
106244894
106244894
106244894
106244894
967037157
967037157
967037157
967037157
268737433
268737433
268737433
268737433
268737433
268737433
268737433
268737433
268737433
268737433
268737433
268737433
94643785
94643785
94643785
731618332
731618332
731618332
731618332
731618332
731618332
731618332
731618332
92586103
92586103
92586103
92586103
92586103
92586103
92586103
92586103
708823656
708823656
708823656
191378980
191378980
191378980
191378980
191378980
191378980
40988960
40988960
385383160
385383160
385383160
712791533
712791533
229563286
229563286
229563286
229563286
229563286
229563286
229563286
229563286
229563286
229563286
229563286
229563286
999407053
280899995
280899995
84920695
84920695
187595920
187595920
397823565
397823565
341517560
341517560
341517560
616584872
616584872
366904629
978178934
978178934
978178934
978178934
867455280
867455280
867455280
867455280
867455280
867455280
902226163
902226163
902226163
902226163
902226163
902226163
902226163
902226163
902226163
902226163
902226163
511099269
511099269
511099269
511099269
645897409
567356831
567356831
567356831
567356831
903836522
903836522
877273717
877273717
287012279
652647924
652647924
652647924
652647924
652647924
652647924
212528502
212528502
253068858
253068858
253068858
814081044
814081044
814081044
814081044
814081044
814081044
814081044
814081044
472223417
472223417
472223417
472223417
369953029
369953029
369953029
369953029
369953029
369953029
635210844
635210844
635210844
635210844
635210844
635210844
635210844
635210844
176664432
176664432
380155010
380155010
380155010
380155010
380155010
380155010
380155010
380155010
380155010
380155010
863581143
863581143
821041717
821041717
821041717
821041717
5374304
5374304
5374304
5374304
5374304
713944622
856468833
856468833
856468833
856468833
318289911
989235658
989235658
277067789
277067789
277067789
277067789
277067789
277067789
277067789
277067789
398031070
398031070
398031070
398031070
398031070
510382859
510382859
510382859
510382859
510382859
136596193
136596193
136596193
136596193
136596193
136596193
136596193
484546547
745078045
695099466
695099466
695099466
695099466
737375675
322310470
545805056
545805056
182815092
182815092
182815092
114488787
114488787
114488787
341396925
58210982
900570198
900570198
900570198
589247358
589247358
589247358
589247358
589247358
589247358
589247358
608756973
608756973
608756973
990104883
914730519
914730519
914730519
914730519
218565950
218565950
218565950
218565950
218565950
672463445
672463445
672463445
426336637
426336637
345362336
345362336
981100135
461010346
461010346
461010346
461010346
437494004
437494004
437494004
437494004
735589560
933555897
933555897
933555897
933555897
933555897
933555897
933555897
933555897
933555897
933555897
933555897
924937580
924937580
945250627
716547546
716547546
716547546
70560677
70560677
70560677
70560677
707283798
707283798
707283798
64875909
64875909
64875909
141910349
141910349
141910349
141910349
141910349
141910349
141910349
729604985
729604985
242580109
242580109
242580109
242580109
242580109
242580109
209714765
14215077
14215077
14215077
14215077
14215077
14215077
51848791
334826007
610087340
453012437
453012437
453012437
520782947
520782947
520782947
520782947
520782947
520782947
520782947
520782947
682556521
811442855
811442855
811442855
811442855
811442855
811442855
811442855
811442855
299005448
299005448
372152488
372152488
372152488
372152488
372152488
372152488
372152488
372152488
372152488
372152488
372152488
344922496
344922496
344922496
344922496
344922496
344922496
344922496
68210093
68210093
482058112
482058112
647183644
178393456
398659621
398659621
398659621
398659621
398659621
398659621
398659621
398659621
398659621
398659621
398659621
812306618
812306618
812306618
812306618
812306618
812306618
908345896
908345896
922129210
922129210
922129210
922129210
922129210
922129210
867950451
867950451
867950451
867950451
867950451
867950451
867950451
867950451
867950451
867950451
867950451
914572585
914572585
914572585
914572585
914572585
914572585
914572585
914572585
926237955
926237955
52145953
11320897
151053113
151053113
151053113
151053113
151053113
839005416
839005416
839005416
839005416
839005416
25131421
562342161
562342161
562342161
562342161
562342161
857076712
857076712
857076712
857076712
644371463
644371463
214754590
214754590
214754590
438777653
438777653
736775810
736775810
736775810
639668744
639668744
326327983
326327983
326327983
358888116
358888116
358888116
964976999
964976999
964976999
964976999
964976999
964976999
964976999
964976999
964976999
346980554
346980554
346980554
346980554
475920955
475920955
376343607
376343607
376343607
170186150
740687599
740687599
740687599
701235845
701235845
701235845
701235845
701235845
192197547
192197547
192197547
518062948
518062948
518062948
518062948
518062948
518062948
518062948
518062948
518062948
518062948
635768073
103494713
103494713
103494713
103494713
103494713
103494713
103494713
103494713
103494713
103494713
471697202
471697202
471697202
471697202
206453184
206453184
193650951
193650951
193650951
193650951
193650951
193650951
904793313
904793313
904793313
904793313
153855573
153855573
837442169
837442169
246819825
246819825
448310181
448310181
381473942
381473942
381473942
381473942
381473942
381473942
381473942
381473942
381473942
381473942
299255243
299255243
942984740
942984740
942984740
942984740
942984740
942984740
942984740
942984740
128461771
128461771
128461771
128461771
567508024
678152545
678152545
678152545
821410540
439062463
20031061
20031061
910304383
910304383
910304383
910304383
910304383
910304383
910304383
682119229
13783170
13783170
583601981
300659859
300659859
300659859
300659859
300659859
613388586
344648573
344648573
279637147
170402267
170402267
170402267
170402267
170402267
170402267
170402267
170402267
170402267
830870373
830870373
830870373
830870373
830870373
830870373
830870373
830870373
830870373
830870373
908126714
908126714
908126714
908126714
908126714
908126714
980385908
980385908
980385908
980385908
980385908
629398915
629398915
629398915
629398915
629398915
629398915
629398915
629398915
629398915
629398915
8478487
8478487
8478487
8478487
8478487
8478487
8478487
858641059
858641059
858641059
858641059
858641059
858641059
858641059
800582719
362577040
362577040
640106302
640106302
640106302
640106302
148349465
148349465
443745405
443745405
443745405
443745405
398435859
398435859
498036890
171096763
993062658
993062658
993062658
993062658
955627394
955627394
955627394
955627394
955627394
255354035
255354035
918979001
99470343
99470343
99470343
99470343
99470343
99470343
754265187
816472975
816472975
929135401
929135401
929135401
601541208
921524639
921524639
921524639
921524639
921524639
921524639
921524639
921524639
921524639
921524639
921524639
921524639
847106378
847106378
594808791
594808791
594808791
594808791
594808791
594808791
644754164
644754164
644754164
797492728
797492728
797492728
797492728
797492728
797492728
797492728
797492728
797492728
854258896
854258896
779880372
988112362
988112362
988112362
115026160
115026160
115026160
868039486
868039486
868039486
898501666
898501666
190433832
966680182
966680182
966680182
966680182
966680182
966680182
966680182
730338355
730338355
730338355
510345163
510345163
614598702
614598702
590315369
590315369
716134863
716134863
716134863
716134863
52069363
408413010
408413010
408413010
408413010
408413010
3449019
3449019
47846521
660126488
622811250
969816411
969816411
969816411
969816411
969816411
969816411
698029061
698029061
932619166
932619166
932619166
932619166
932619166
932619166
932619166
302479046
847868704
847868704
847868704
847868704
847868704
732585111
732585111
732585111
951697320
951697320
951697320
951697320
951697320
951697320
951697320
252853593
252853593
627839085
627839085
457178757
457178757
457178757
457178757
457178757
457178757
457178757
803395979
803395979
803395979
803395979
803395979
803395979
838663528
129580613
352894048
352894048
352894048
352894048
352894048
352894048
352894048
363156636
913704097
913704097
913704097
913704097
913704097
594809563
594809563
594809563
594809563
190585405
190585405
190585405
190585405
190585405
226556560
226556560
226556560
226556560
226556560
941884442
941884442
941884442
559675482
559675482
559675482
559675482
559675482
559675482
559675482
559675482
559675482
559675482
248597990
248597990
248597990
248597990
248597990
248597990
248597990
248597990
248597990
248597990
248597990
248597990
239175893
239175893
856515674
856515674
90007827
244969953
787852602
51065385
51065385
51065385
97173660
97173660
97173660
97173660
97173660
97173660
156749310
156749310
156749310
156749310
737738416
737738416
308334602
308334602
308334602
308334602
308334602
308334602
50743340
395153311
682313201
682313201
682313201
682313201
682313201
279679271
887455296
729075152
470241234
470241234
470241234
470241234
470241234
470241234
470241234
470241234
397567176
397567176
397567176
397567176
397567176
734024858
814924959
814924959
157588559
422966376
422966376
422966376
422966376
422966376
422966376
422966376
927839995
927839995
844529879
844529879
844529879
844529879
844529879
844529879
844529879
544573744
544573744
544573744
281925253
281925253
960376781
960376781
960376781
711712270
711712270
711712270
413753618
413753618
641797725
641797725
641797725
641797725
37818725
37818725
37818725
37818725
37818725
37818725
510172903
529570820
529570820
529570820
529570820
820052875
820052875
820052875
820052875
820052875
742804301
742804301
80799510
80799510
80799510
80799510
80799510
80799510
80799510
911786026
911786026
911786026
911786026
911786026
911786026
911786026
911786026
911786026
564002771
564002771
564002771
564002771
564002771
564002771
564002771
564002771
564002771
19369364
19369364
19369364
19369364
19369364
19369364
602506147
602506147
602506147
602506147
602506147
602506147
602506147
602506147
602506147
602506147
602506147
602506147
602506147
925853221
925853221
276106834
276106834
276106834
276106834
276106834
276106834
276106834
727250322
727250322
149703087
149703087
149703087
149703087
149703087
149703087
149703087
239036764
239036764
239036764
935039458
935039458
935039458
935039458
697630694
697630694
697630694
898867846
470611184
540065368
325699750
325699750
325699750
325699750
730343271
730343271
730343271
938983120
938983120
938983120
938983120
938983120
938983120
938983120
938983120
938983120
938983120
320284721
320284721
320284721
320284721
72099224
72099224
72099224
72099224
879105452
879105452
879105452
879105452
482521786
482521786
482521786
482521786
348709400
348709400
348709400
412176946
507635399
507635399
507635399
507635399
183172071
575690594
575690594
575690594
575690594
575690594
575690594
744016481
720369837
720369837
720369837
720369837
720369837
720369837
720369837
720369837
720369837
720369837
720369837
720369837
218922002
218922002
218922002
218922002
218922002
115133117
115133117
115133117
115133117
115133117
115133117
115133117
115133117
115133117
347058011
347058011
347058011
347058011
347058011
347058011
347058011
347058011
347058011
347058011
347058011
19216531
19216531
19216531
19216531
105370400
105370400
105370400
105370400
105370400
105370400
105370400
634768033
634768033
634768033
634768033
634768033
640598146
640598146
713091961
806134393
806134393
806134393
806134393
806134393
806134393
806134393
806134393
806134393
806134393
466340135
466340135
466340135
466340135
466340135
466340135
466340135
466340135
466340135
466340135
466340135
466340135
466340135
466340135
466340135
466340135
466340135
872942155
872942155
395835410
395835410
395835410
395835410
395835410
984435393
984435393
400506155
400506155
400506155
400506155
948696996
948696996
948696996
948696996
948696996
948696996
948696996
948696996
624571509
484623529
484623529
300872476
300872476
300872476
300872476
84086999
230414886
230414886
230414886
230414886
230414886
230414886
230414886
230414886
347521741
347521741
347521741
347521741
347521741
347521741
347521741
347521741
347521741
347521741
347521741
636063362
953791415
953791415
953791415
953791415
953791415
953791415
953791415
953791415
953791415
953791415
953791415
953791415
953791415
953791415
953791415
953791415
953791415
953791415
767672672
767672672
767672672
767672672
960121883
960121883
125858228
603310183
603310183
603310183
603310183
603310183
454602561
454602561
454602561
454602561
454602561
454602561
454602561
248785332
248785332
248785332
248785332
694637082
948202553
92264379
92264379
767069526
767069526
767069526
767069526
767069526
319452084
319452084
319452084
319452084
319452084
508908526
508908526
508908526
508908526
508908526
508908526
18153469
18153469
492693052
492693052
492693052
492693052
492693052
492693052
492693052
492693052
492693052
115952289
115952289
115952289
115952289
115952289
115952289
115952289
115952289
115952289
115952289
115952289
115952289
115952289
115952289
570877216
570877216
955823588
955823588
955823588
955823588
955823588
955823588
955823588
955823588
955823588
31562597
829377324
829377324
829377324
829377324
829377324
829377324
829377324
829377324
829377324
829377324
116654994
116654994
116654994
116654994
116654994
116654994
116654994
116654994
548180902
634369352
634369352
634369352
634369352
634369352
634369352
726609156
342314025
342314025
633337728
220893856
531497329
531497329
105468297
105468297
105468297
105468297
105468297
105468297
105468297
105468297
105468297
105468297
105468297
105468297
105468297
105468297
237019457
654494673
654494673
654494673
486881216
486881216
927470032
927470032
201237184
201237184
229613210
229613210
229613210
229613210
229613210
577235881
577235881
603551318
603551318
603551318
715729971
715729971
715729971
715729971
830313158
830313158
830313158
830313158
830313158
830313158
830313158
830313158
830313158
356484045
356484045
356484045
356484045
356484045
356484045
356484045
356484045
192461312
192461312
192461312
192461312
192461312
192461312
192461312
192461312
192461312
192461312
192461312
912949254
912949254
912949254
607889085
607889085
607889085
214756640
512030886
512030886
512030886
512030886
512030886
512030886
512030886
296887805
296887805
920441312
920441312
608838043
608838043
608838043
608838043
608838043
608838043
770941273
947162321
947162321
947162321
947162321
947162321
962174699
962174699
962174699
676009062
676009062
676009062
177644805
454581583
454581583
454581583
454581583
208914654
278706187
375715575
731768933
731768933
731768933
731768933
828089525
748223151
333366255
12879293
12879293
12879293
320272649
320272649
320272649
320272649
320272649
320272649
320272649
404554556
404554556
404554556
600432561
600432561
600432561
600432561
600432561
600432561
423332601
187800729
491902627
491902627
491902627
491902627
491902627
491902627
491902627
491902627
491902627
491902627
220676566
220676566
220676566
220676566
33170138
33170138
33170138
593571235
593571235
153268307
316656856
316656856
316656856
316656856
316656856
171257035
171257035
171257035
413355749
827176129
827176129
447237556
447237556
274254911
274254911
274254911
274254911
274254911
274254911
274254911
274254911
274254911
679277102
648890692
648890692
56126683
56126683
56126683
56126683
56126683
56126683
56126683
56126683
56126683
6798839
872316778
872316778
872316778
872316778
872316778
66209202
558659172
558659172
558659172
558659172
965659305
965659305
965659305
965659305
965659305
965659305
150388867
712726890
298541149
298541149
298541149
298541149
298541149
298541149
19026126
19026126
19026126
19026126
19026126
19026126
19026126
19026126
492931324
492931324
492931324
492931324
492931324
492931324
492931324
511001773
511001773
511001773
511001773
759401063
910952073
910952073
910952073
910952073
453596582
453596582
453596582
583093537
583093537
583093537
583093537
583093537
583093537
692117785
692117785
692117785
692117785
692117785
5044084
239548240
239548240
239548240
239548240
239548240
239548240
568138588
568138588
323223329
561553678
380878936
380878936
380878936
380878936
380878936
380878936
380878936
380878936
380878936
380878936
380878936
380878936
712166412
712166412
712166412
712166412
712166412
712166412
664570506
664570506
664570506
664570506
664570506
664570506
664570506
664570506
664570506
670196580
245396841
245396841
245396841
245396841
245396841
245396841
245396841
748701901
748701901
748701901
748701901
748701901
609081052
609081052
111085600
111085600
111085600
791110492
791110492
791110492
698067468
330428801
330428801
330428801
330428801
330428801
222415872
52066657
52066657
52066657
67050105
67050105
67050105
740918922
425469102
425469102
425469102
425469102
425469102
425469102
425469102
425469102
425469102
425469102
191719759
191719759
191719759
191719759
191719759
191719759
191719759
968002252
968002252
401023558
401023558
802713592
802713592
439472813
439472813
439472813
439472813
934766506
934766506
834867937
834867937
508598883
508598883
508598883
508598883
508598883
508598883
508598883
869885110
869885110
869885110
869885110
869885110
133848107
133848107
133848107
133848107
133848107
133848107
133848107
133848107
133848107
133848107
133848107
133848107
133848107
133848107
133848107
133848107
133848107
133848107
133848107
133848107
133848107
133848107
133848107
636005780
636005780
636005780
636005780
636005780
636005780
636005780
636005780
636005780
636005780
636005780
636005780
271176994
271176994
271176994
271176994
494989537
494989537
385915535
385915535
385915535
385915535
60183221
60183221
60183221
729986628
729986628
729986628
729986628
729986628
729986628
729986628
909458869
909458869
909458869
909458869
909458869
909458869
909458869
403615670
403615670
403615670
403615670
403615670
744944800
744944800
744944800
744944800
744944800
744944800
744944800
744944800
744944800
744944800
744944800
744944800
744944800
335558850
335558850
183439606
878596488
878596488
878596488
878596488
878596488
878596488
878596488
878596488
354818538
354818538
900054697
900054697
900054697
439197429
528585198
528585198
528585198
35280352
35280352
35280352
233524371
233524371
233524371
233524371
233524371
233524371
233524371
233524371
141935062
141935062
141935062
714588088
714588088
850095456
850095456
850095456
850095456
850095456
481178538
652549526
652549526
503035822
503035822
503035822
461860721
461860721
461860721
461860721
461860721
461860721
461860721
461860721
461860721
461860721
587525765
208696156
208696156
208696156
208696156
208696156
208696156
208696156
208696156
110269708
110269708
110269708
110269708
110269708
233556788
233556788
233556788
233556788
233556788
590596589
590596589
979473446
8626170
8626170
8626170
341173068
905534208
905534208
344100680
344100680
344100680
799904800
799904800
799904800
799904800
799904800
799904800
767130433
767130433
767130433
767130433
425957670
425957670
425957670
425957670
600262603
600262603
600262603
705790123
705790123
705790123
705790123
705790123
705790123
705790123
705790123
705790123
963327521
963327521
963327521
963327521
963327521
963327521
869565902
271527108
271527108
271527108
190416667
190416667
190416667
190416667
190416667
276204262
376715034
376715034
376715034
376715034
376715034
376715034
376715034
376715034
155578179
155578179
155578179
155578179
155578179
666680814
663276924
663276924
663276924
663276924
663276924
757518082
757518082
757518082
757518082
757518082
757518082
710277006
710277006
710277006
299746676
299746676
879738545
879738545
482125493
482125493
482125493
8413662
8413662
8413662
8413662
8413662
8413662
8413662
8413662
8413662
8413662
972415588
972415588
972415588
657533797
657533797
657533797
404570149
404570149
404570149
404570149
404570149
404570149
830375416
830375416
766995304
766995304
766062779
766062779
766062779
766062779
766062779
766062779
766062779
39521633
199602705
199602705
199602705
199602705
199602705
199602705
199602705
596638899
91832246
91832246
91832246
91832246
91832246
91832246
91832246
91832246
91832246
91832246
75839783
75839783
75839783
75839783
75839783
423080935
423080935
897577240
897577240
451481926
418926652
418926652
418926652
418926652
865869024
865869024
765120110
765120110
765120110
765120110
765120110
765120110
765120110
765120110
616838417
616838417
627099359
627099359
627099359
164407168
164407168
164407168
164407168
164407168
164407168
164407168
164407168
877490644
877490644
877490644
877490644
877490644
877490644
877490644
877490644
877490644
483352144
483352144
483352144
483352144
483352144
483352144
725653266
277715063
532662078
532662078
532662078
532662078
532662078
532662078
532662078
329004495
329004495
329004495
741517396
741517396
629589713
629589713
629589713
629589713
629589713
629589713
629589713
554508869
649372454
649372454
528963039
528963039
528963039
528963039
441050252
441050252
441050252
441050252
441050252
441050252
441050252
441050252
441050252
441050252
268462728
268462728
664312949
664312949
664312949
664312949
664312949
664312949
664312949
664312949
726662203
726662203
726662203
726662203
655710569
655710569
655710569
708550181
708550181
708550181
708550181
708550181
708550181
708550181
708550181
708550181
708550181
708550181
708550181
708550181
708550181
998157873
998157873
998157873
880382203
880382203
880382203
880382203
880382203
746371587
847963619
847963619
183577151
183577151
183577151
183577151
183577151
943498212
943498212
943498212
943498212
839879829
839879829
839879829
839879829
839879829
839879829
839879829
839879829
839879829
233303958
363652128
363652128
363652128
363652128
262255817
12933873
640401494
640401494
640401494
933270312
268842871
268842871
268842871
268842871
268842871
491659593
491659593
491659593
555194908
555194908
555194908
99935118
99935118
99935118
99935118
99935118
99935118
99935118
99935118
99935118
99935118
99935118
99935118
99935118
99935118
99935118
99935118
219174779
219174779
219174779
219174779
219174779
219174779
219174779
219174779
753189908
753189908
753189908
753189908
9375054
9375054
9375054
9375054
9375054
9375054
9375054
512041573
512041573
512041573
854883900
854883900
854883900
854883900
854883900
854883900
854883900
854883900
900264965
900264965
39316234
39316234
39316234
984488678
984488678
984488678
460603885
870010374
870010374
870010374
870010374
870010374
831906796
831906796
831906796
831906796
831906796
927226047
927226047
927226047
337331051
337331051
337331051
605735643
89703850
89703850
89703850
89703850
89703850
513760003
513760003
513760003
513760003
513760003
612936944
612936944
612936944
612936944
612936944
612936944
612936944
612936944
338006681
338006681
856485807
856485807
856485807
856485807
280457294
280457294
583650247
583650247
109757841
106119320
106119320
106119320
115063131
115063131
115063131
115063131
115063131
260199368
260199368
308125634
418524701
242281476
242281476
242281476
242281476
242281476
802714335
802714335
802714335
802714335
444413841
444413841
444413841
444413841
444413841
444413841
444413841
80370154
80370154
80370154
80370154
80370154
80370154
80370154
80370154
80370154
80370154
80370154
80370154
80370154
80370154
80370154
5050360
876751750
876751750
876751750
876751750
876751750
876751750
876751750
876751750
876751750
396236581
396236581
50371955
50371955
876111278
876111278
876111278
876111278
876111278
876111278
876111278
876111278
876111278
876111278
876111278
876111278
770596624
770596624
770596624
770596624
770596624
770596624
770596624
770596624
770596624
775379074
775379074
775379074
775379074
339011202
339011202
229359034
229359034
229359034
229359034
810376702
810376702
996174587
996174587
968917032
177871532
177871532
312743334
312743334
312743334
312743334
312743334
312743334
312743334
312743334
312743334
312743334
816313408
816313408
816313408
816313408
898481535
898481535
175185471
221701410
221701410
221701410
221701410
221701410
221701410
221701410
221701410
221701410
310512619
133161877
133161877
530322986
530322986
530322986
452056045
452056045
452056045
452056045
452056045
114656898
114656898
85959231
85959231
85959231
404612746
533114914
533114914
533114914
533114914
533114914
533114914
533114914
533114914
533114914
533114914
533114914
803680558
501308888
501308888
271868257
271868257
107406554
997810866
997810866
997810866
997810866
271045919
271045919
271045919
271045919
581573673
581573673
581573673
581573673
581573673
581573673
763196293
763196293
763196293
763196293
763196293
918440627
918440627
349187610
349187610
349187610
349187610
562901416
562901416
562901416
169575962
169575962
169575962
36914668
36914668
36914668
36914668
36914668
36914668
36914668
36914668
36914668
36914668
36914668
36914668
36914668
36914668
265082507
265082507
265082507
265082507
265082507
265082507
265082507
265082507
265082507
265082507
192504757
192504757
192504757
192504757
192504757
91322666
91322666
91322666
91322666
172061781
172061781
172061781
172061781
172061781
313623693
925123781
925123781
925123781
925123781
925123781
925123781
923289248
923289248
923289248
923289248
546267547
911800525
7564997
7564997
7564997
7564997
7564997
7564997
7564997
7564997
773346921
773346921
773346921
773346921
773346921
773346921
126166820
126166820
126166820
126166820
338781724
338781724
338781724
893222323
893222323
893222323
893222323
893222323
124795925
124795925
124795925
124795925
878033698
756115402
8043915
8043915
910474540
910474540
487193153
487193153
487193153
487193153
551020226
261949014
261949014
261949014
261949014
261949014
261949014
261949014
261949014
344329720
826158174
826158174
826158174
477574591
868274593
326731697
326731697
326731697
326731697
191761900
191761900
191761900
404115592
404115592
404115592
404115592
884473172
884473172
767010011
767010011
767010011
767010011
396195266
396195266
396195266
904751852
904751852
743152487
35835417
35835417
35835417
82271117
82271117
82271117
82271117
82271117
82271117
68834838
68834838
68834838
68834838
68834838
68834838
68834838
68834838
68834838
68834838
453731037
453731037
453731037
453731037
453731037
897985101
897985101
897985101
897985101
684780125
950257753
950257753
950257753
950257753
929959997
929959997
929959997
336784977
336784977
336784977
875169600
875169600
875169600
875169600
875169600
875169600
875169600
875169600
686366966
834527712
834527712
834527712
834527712
834527712
772916485
772916485
772916485
772916485
506067171
506067171
506067171
780026364
780026364
780026364
780026364
209343188
209343188
209343188
209343188
209343188
209343188
671236717
671236717
671236717
671236717
671236717
671236717
671236717
981627554
981627554
981627554
981627554
981627554
94324070
94324070
94324070
94324070
995166841
995166841
995166841
995166841
995166841
986586438
986586438
967173684
967173684
967173684
182301950
182301950
182301950
27559509
27559509
283686948
283686948
283686948
283686948
804242265
804242265
865660760
865660760
664550270
669876837
747747118
747747118
747747118
747747118
248697914
248697914
521965399
521965399
521965399
521965399
900833428
900833428
900833428
900833428
900833428
900833428
900833428
900833428
543221284
543221284
543221284
543221284
543221284
543221284
117122455
117122455
117122455
267563542
6377862
697584924
697584924
697584924
697584924
697584924
623106691
121833146
121833146
121833146
909152055
909152055
909152055
909152055
909152055
552433681
552433681
310267056
310267056
310267056
383713017
383713017
383713017
383713017
875792893
875792893
875792893
875792893
875792893
875792893
875792893
875792893
889291001
889291001
889291001
889291001
889291001
889291001
889291001
172498002
172498002
172498002
172498002
415246681
415246681
415246681
822126400
822126400
822126400
684937353
684937353
684937353
995274991
133587466
133587466
184228263
184228263
83966212
83966212
83966212
83966212
83966212
83966212
83966212
620762542
620762542
620762542
620762542
620762542
620762542
595408735
595408735
595408735
595408735
595408735
500097779
608480840
907355601
907355601
374506558
374506558
632385470
632385470
632385470
632385470
224476086
177316806
177316806
212662375
212662375
212662375
212662375
212662375
212662375
212662375
212662375
212662375
733961401
733961401
733961401
733961401
733961401
733961401
733961401
733961401
733961401
733961401
355765888
355765888
355765888
355765888
355765888
355765888
641200979
641200979
641200979
641200979
641200979
641200979
641200979
641200979
641200979
708868992
708868992
708868992
708868992
708868992
708868992
708868992
708868992
708868992
708868992
708868992
708868992
708868992
708868992
708868992
708868992
708868992
708868992
708868992
708868992
708868992
928715657
928715657
399758020
813211195
185179492
185179492
185179492
185179492
185179492
185179492
185179492
185179492
185179492
185179492
185179492
185179492
185179492
185179492
185179492
185179492
185179492
185179492
185179492
185179492
185179492
185179492
185179492
903211035
157184166
157184166
467599112
624033112
624033112
624033112
624033112
624033112
373183929
373183929
373183929
373183929
373183929
373183929
566952014
566952014
566952014
420487125
420487125
420487125
420487125
643594550
691786832
691786832
691786832
73434584
73434584
73434584
73434584
73434584
73434584
73434584
695827170
695827170
695827170
695827170
695827170
695827170
695827170
695827170
520589027
520589027
520589027
520589027
973415824
973415824
973415824
973415824
973415824
973415824
973415824
973415824
973415824
973415824
973415824
973415824
163857540
163857540
163857540
884144965
940991975
940991975
751432174
751432174
751432174
751432174
238999506
238999506
238999506
793246648
793246648
793246648
793246648
793246648
107924349
107924349
107924349
107924349
107924349
812076584
812076584
851395833
851395833
651040334
651040334
651040334
651040334
143360605
143360605
730143943
730143943
197928089
197928089
197928089
197928089
197928089
197928089
197928089
197928089
197928089
197928089
197928089
331915601
331915601
331915601
331915601
331915601
331915601
331915601
331915601
331915601
548053711
548053711
548053711
548053711
548053711
548053711
645281595
920579185
920579185
920579185
920579185
920579185
592965209
592965209
979659757
979659757
979659757
979659757
774299430
774299430
774299430
289619618
289619618
289619618
621751626
621751626
39334639
39334639
39334639
39334639
205094134
205094134
205094134
205094134
205094134
949812640
949812640
949812640
979253400
979253400
979253400
972222132
412738500
412738500
412738500
412738500
412738500
412738500
412738500
412738500
412738500
412738500
412738500
412738500
412738500
412738500
412738500
412738500
412738500
412738500
412738500
412738500
412738500
412738500
412738500
824648805
824648805
977377410
127049093
127049093
127049093
39098405
39098405
163722801
163722801
163722801
163722801
163722801
163722801
163722801
163722801
163722801
163722801
378194293
378194293
192841834
192841834
801264293
801264293
801264293
801264293
768752564
768752564
768752564
768752564
768752564
768752564
768752564
768752564
768752564
400414848
400414848
400414848
111695156
347473284
347473284
347473284
591375317
591375317
369301664
369301664
40560720
734161077
734161077
709050520
709050520
709050520
94096027
687580637
687580637
687580637
687580637
687580637
687580637
321783906
153153126
153153126
153153126
153153126
153153126
153153126
702452491
377087742
377087742
483069600
483069600
483069600
531424353
531424353
531424353
531424353
531424353
531424353
531424353
531424353
531424353
531424353
531424353
531424353
531424353
927921990
867940080
867940080
867940080
867940080
867940080
806037960
671386803
671386803
671386803
671386803
348947675
348947675
348947675
348947675
348947675
519709826
519709826
519709826
665531269
417575380
417575380
342756611
142006708
142006708
142006708
142006708
160810966
160810966
591967635
572188055
572188055
572188055
388700230
523558100
523558100
523558100
523558100
523558100
523558100
523558100
626597856
626597856
626597856
626597856
626597856
626597856
626597856
626597856
626597856
626597856
626597856
626597856
626597856
626597856
626597856
448239242
448239242
448239242
448239242
448239242
448239242
793668653
209650089
209650089
209650089
919816366
244690599
319569956
319569956
319569956
109474294
109474294
109474294
109474294
448025361
448025361
448025361
448025361
448025361
448025361
448025361
448025361
448025361
448025361
448025361
448025361
838691050
838691050
838691050
838691050
470538339
741711917
741711917
741711917
741711917
741711917
741711917
741711917
741711917
741711917
741711917
741711917
741711917
845898916
845898916
845898916
660578618
508924311
508924311
508924311
508924311
508924311
35841276
977020037
977020037
977020037
977020037
977020037
977020037
977020037
977020037
977020037
977020037
977020037
460424772
986207200
986207200
986207200
986207200
986207200
986207200
986207200
986207200
986207200
397593331
121021068
121021068
121021068
121021068
121021068
121021068
121021068
121021068
121021068
121021068
121021068
642625586
642625586
642625586
642625586
642625586
642625586
642625586
642625586
642625586
642625586
617906306
617906306
554423744
554423744
969615271
969615271
674141013
674141013
674141013
361555054
361555054
361555054
361555054
361555054
514125909
514125909
514125909
738008862
738008862
21210706
145276307
145276307
145276307
845502423
845502423
845502423
665829908
687441938
687441938
449383853
625868315
625868315
625868315
430890248
430890248
430890248
430890248
430890248
430890248
430890248
430890248
430890248
430890248
430890248
352827221
352827221
956286101
956286101
749340538
749340538
749340538
749340538
749340538
12866727
12866727
12866727
15426516
15426516
556864135
556864135
556864135
172116496
172116496
65081414
65081414
65081414
860298106
860298106
860298106
860298106
860298106
902476183
902476183
685994495
685994495
804140936
61705659
61705659
340990319
340990319
340990319
340990319
340990319
340990319
340990319
340990319
340990319
340990319
340990319
340990319
529057730
689615581
689615581
39479951
39479951
715877923
715877923
715877923
715877923
838893569
838893569
838893569
838893569
838893569
283633265
283633265
283633265
283633265
283633265
521240234
521240234
646947722
646947722
646947722
646947722
646947722
646947722
646947722
541359372
541359372
541359372
541359372
541359372
541359372
541359372
541359372
541359372
541359372
541359372
436627185
436627185
436627185
436627185
436627185
436627185
436627185
436627185
436627185
436627185
541236748
541236748
541236748
541236748
541236748
541236748
541236748
541236748
357486519
357486519
357486519
357486519
357486519
357486519
357486519
496546647
496546647
445989589
445989589
285808875
285808875
2227210
2227210
806751227
806751227
806751227
806751227
784473910
784473910
784473910
784473910
552401994
552401994
552401994
887627773
887627773
887627773
887627773
887627773
506483479
506483479
541195024
541195024
278862609
27682376
27682376
27682376
802792000
154809086
692751582
692751582
692751582
829857046
829857046
829857046
625902621
625902621
625902621
625902621
625902621
531297217
609628757
609628757
609628757
609628757
609628757
609628757
609628757
609628757
609628757
609628757
511703083
511703083
511703083
511703083
511703083
511703083
361393921
361393921
361393921
326471810
326471810
326471810
326471810
326471810
326471810
326471810
326471810
326471810
955082464
955082464
955082464
955082464
955082464
955082464
955082464
955082464
955082464
955082464
955082464
955082464
955082464
955082464
955082464
955082464
955082464
955082464
841305725
841305725
55509608
55509608
55509608
55509608
55509608
55509608
55509608
55509608
923565083
923565083
980304951
980304951
980304951
980304951
980304951
980304951
980304951
980304951
980304951
980304951
980304951
980304951
980304951
980304951
980304951
980304951
980304951
980304951
610439174
610439174
610439174
610439174
610439174
610439174
610439174
610439174
610439174
610439174
610439174
610439174
610439174
610439174
610439174
179358391
179358391
179358391
179358391
179358391
516021763
867577210
127183041
127183041
925066143
925066143
925066143
925066143
925066143
82870247
82870247
82870247
82870247
82870247
82870247
82870247
82870247
82870247
82870247
82870247
788314300
788314300
788314300
788314300
918012481
258396906
258396906
258396906
258396906
258396906
258396906
258396906
258396906
258396906
258396906
293863894
293863894
293863894
453844581
453844581
453844581
453844581
453844581
453844581
453844581
453844581
453844581
453844581
90368141
939619462
939619462
939619462
939619462
939619462
917745718
59558313
59558313
59558313
59558313
59558313
59558313
600871504
421655437
421655437
421655437
585270088
674732852
584598994
584598994
384078211
384078211
384078211
384078211
384078211
384078211
384078211
384078211
384078211
384078211
384078211
384078211
384078211
564177629
564177629
564177629
564177629
564177629
564177629
564177629
564177629
564177629
873957237
873957237
184951096
957368305
957368305
957368305
957368305
957368305
957368305
433318543
781926390
781926390
781926390
781926390
781926390
781926390
781926390
781926390
781926390
615236001
767197291
767197291
767197291
767197291
776144640
776144640
776144640
776144640
776144640
804402714
804402714
804402714
804402714
804402714
804402714
804402714
804402714
804402714
804402714
865362001
223019481
223019481
998663657
998663657
998663657
674395707
674395707
366860841
366860841
167599005
167599005
167599005
167599005
22026899
22026899
22026899
22026899
80613704
80613704
80613704
553728083
553728083
553728083
412663341
412663341
412663341
412663341
412663341
184896262
184896262
184896262
184896262
184896262
184896262
184896262
348406092
348406092
348406092
348406092
348406092
526112044
473681634
473681634
223430908
223430908
97435759
97435759
97435759
97435759
97435759
97435759
201287160
201287160
201287160
201287160
201287160
915827586
915827586
54971998
54971998
54971998
610393211
610393211
610393211
71078425
71078425
71078425
71078425
933534930
500069253
500069253
500069253
500069253
801456486
271247851
271247851
271247851
218425304
202946605
202946605
202946605
202946605
202946605
202946605
30214157
30214157
30214157
30214157
30214157
30214157
30214157
30214157
30214157
30214157
482843075
482843075
482843075
544510652
499320262
499320262
499320262
499320262
384810976
384810976
518157421
518157421
518157421
518157421
518157421
518157421
518157421
518157421
385852450
385852450
676436220
676436220
676436220
676436220
676436220
676436220
676436220
676436220
676436220
293269702
293269702
293269702
293269702
293269702
293269702
293269702
293269702
293269702
293269702
293269702
293269702
58966489
58966489
58966489
58966489
58966489
58966489
821348254
821348254
757279886
757279886
757279886
757279886
327844648
327844648
291536283
291536283
291536283
291536283
291536283
291536283
291536283
291536283
547140950
914580595
914580595
914580595
914580595
914580595
914580595
914580595
77517899
77517899
77517899
975320918
975320918
975320918
975320918
975320918
79838883
79838883
749144391
749144391
749144391
749144391
749144391
749144391
749144391
749144391
731075080
731075080
731075080
810736272
810736272
810736272
810736272
452316426
452316426
452316426
257315051
257315051
257315051
257315051
717350810
51558957
51558957
51558957
687978970
687978970
687978970
687978970
687978970
531645331
287017009
287017009
287017009
287017009
400209380
400209380
400209380
400209380
400209380
400209380
733647037
733647037
733647037
733647037
733647037
733647037
50250550
50250550
629365111
629365111
629365111
629365111
629365111
629365111
628987062
628987062
628987062
628987062
628987062
628987062
928741466
928741466
928741466
928741466
928741466
794473879
794473879
794473879
794473879
794473879
794473879
266088084
266088084
266088084
266088084
50795780
50795780
423058619
423058619
423058619
423058619
423058619
423058619
423058619
423058619
423058619
423058619
423058619
423058619
423058619
423058619
423058619
423058619
423058619
423058619
423058619
423058619
872080702
872080702
407968628
443270834
443270834
443270834
443270834
443270834
443270834
443270834
443270834
443270834
443270834
443270834
319514885
319514885
319514885
319514885
319514885
319514885
197312687
197312687
551187143
551187143
551187143
551187143
551187143
551187143
563837532
563837532
563837532
563837532
563837532
563837532
266574512
266574512
266574512
266574512
727217030
727217030
727217030
727217030
727217030
727217030
894193857
894193857
894193857
894193857
894193857
894193857
894193857
894193857
894193857
894193857
894193857
894193857
894193857
894193857
894193857
894193857
687706572
687706572
687706572
687706572
687706572
687706572
13581825
13581825
13581825
434486216
434486216
434486216
434486216
434486216
434486216
434486216
434486216
707457752
707457752
707457752
707457752
223960845
223960845
223960845
112216606
112216606
112216606
112216606
112216606
868239691
868239691
868239691
868239691
868239691
868239691
868239691
813435868
813435868
940557642
940557642
940557642
940557642
940557642
940557642
940557642
940557642
940557642
940557642
940557642
940557642
674006858
674006858
674006858
674006858
674006858
674006858
674006858
674006858
872173949
991199371
991199371
689927876
689927876
689927876
697754302
697754302
966976680
966976680
966976680
966976680
966976680
438479468
438479468
438479468
845936882
358081192
358081192
358081192
358081192
358081192
570768503
570768503
570768503
570768503
570768503
570768503
570768503
541074519
541074519
541074519
541074519
541074519
541074519
541074519
541074519
541074519
483248505
483248505
483248505
327295556
327295556
327295556
327295556
327295556
327295556
327295556
327295556
701587374
701587374
208739439
799190571
799190571
157563583
157563583
157563583
157563583
157563583
157563583
503626112
503626112
503626112
503626112
503626112
503626112
503626112
503626112
580194636
601105550
405081043
405081043
428585810
428585810
587991458
587991458
587991458
466720401
466720401
466720401
466720401
466720401
466720401
466720401
466720401
466720401
466720401
466720401
466720401
466720401
896035931
896035931
896035931
896035931
896035931
896035931
896035931
896035931
896035931
896035931
114105615
114105615
523312856
523312856
562099045
562099045
562099045
562099045
494196620
494196620
222375910
222375910
222375910
222375910
222375910
222375910
222375910
222375910
222375910
222375910
222375910
222375910
222375910
222375910
222375910
222375910
222375910
527996067
341987181
341987181
341987181
924643391
225099044
225099044
225099044
225099044
225099044
235583616
447278667
447278667
447278667
949458161
949458161
949458161
949458161
949458161
949458161
917382519
879950717
700893646
700893646
700893646
700893646
700893646
700893646
700893646
700893646
700893646
700893646
700893646
827466572
827466572
827466572
827466572
827466572
827466572
951440937
951440937
951440937
951440937
596205059
596205059
596205059
596205059
596205059
596205059
228121434
228121434
228121434
228121434
228121434
228121434
78148255
78148255
445754650
822217456
822217456
822217456
822217456
822217456
822217456
822217456
822217456
822217456
822217456
741075624
741075624
741075624
741075624
741075624
741075624
618246168
710631876
710631876
710631876
710631876
710631876
710631876
710631876
710631876
710631876
710631876
582964083
582964083
582964083
636638332
636638332
636638332
636638332
636638332
949591929
949591929
949591929
949591929
949591929
949591929
136159715
136159715
136159715
786945563
786945563
786945563
786945563
786945563
636743474
92170376
366282265
366282265
366282265
538714927
538714927
538714927
355336216
355336216
355336216
355336216
355336216
446644180
446644180
446644180
446644180
446644180
446644180
446644180
446644180
446644180
709619061
294187689
294187689
294187689
137526732
137526732
137526732
137526732
556816826
556816826
50248147
50248147
50248147
393358929
393358929
393358929
393358929
393358929
377314854
377314854
377314854
377314854
377314854
377314854
377314854
398699088
398699088
938426318
938426318
938426318
938426318
529059315
529059315
529059315
529059315
529059315
529059315
377468158
377468158
377468158
8560883
8560883
8560883
8560883
8560883
832319170
832319170
832319170
832319170
284711633
284711633
878270538
878270538
878270538
276876893
423529601
423529601
214559325
883775344
883775344
883775344
883775344
883775344
883775344
883775344
883775344
883775344
883775344
984222655
326424047
326424047
326424047
541128061
541128061
541128061
694177562
694177562
694177562
694177562
694177562
694177562
694177562
694177562
694177562
694177562
694177562
694177562
694177562
694177562
694177562
694177562
694177562
496590901
496590901
496590901
496590901
496590901
496590901
964496085
964496085
964496085
964496085
964496085
964496085
964496085
964496085
567248872
567248872
823236196
823236196
823236196
132962182
428953449
428953449
428953449
428953449
428953449
992950609
992950609
992950609
992950609
992950609
992950609
827197113
915388757
915388757
209922885
209922885
209922885
209922885
209922885
209922885
209922885
209922885
209922885
209922885
209922885
209922885
209922885
209922885
209922885
209922885
209922885
209922885
209922885
209922885
209922885
209922885
209922885
209922885
209922885
970140817
970140817
970140817
970140817
179031382
179031382
179031382
179031382
179031382
179031382
179031382
898240591
898240591
898240591
898240591
898240591
58314487
58314487
58314487
58314487
58314487
644577142
644577142
644577142
644577142
644577142
644577142
644577142
644577142
644577142
84609080
209929380
209929380
209929380
113276810
113276810
113276810
113276810
113276810
259496205
259496205
259496205
259496205
624157069
624157069
624157069
706033212
706033212
193555409
193555409
193555409
193555409
193555409
193555409
193555409
383514452
383514452
115149500
309738259
309738259
963321772
628418726
226181270
226181270
226198796
226198796
763072225
763072225
907746891
907746891
907746891
907746891
907746891
907746891
907746891
907746891
907746891
264801872
264801872
264801872
264801872
264801872
264801872
264801872
264801872
264801872
264801872
264801872
264801872
264801872
264801872
264801872
264801872
264801872
264801872
264801872
264801872
647796499
647796499
647796499
341530267
366710276
366710276
441171264
441171264
441171264
441171264
441171264
441171264
441171264
396866184
396866184
396866184
396866184
396866184
396866184
396866184
71742971
103915316
103915316
103915316
103915316
103915316
246522467
246522467
292153666
292153666
292153666
292153666
292153666
292153666
601560051
601560051
665795948
665795948
665795948
665795948
665795948
42404295
42404295
42404295
42404295
42404295
866010252
866010252
866010252
866010252
827372159
827372159
827372159
827372159
827372159
827372159
827372159
827372159
827372159
827372159
827372159
827372159
827372159
827372159
827372159
827372159
104339025
46144885
597183860
597183860
597183860
720897237
720897237
178899158
178899158
178899158
178899158
178899158
30294408
30294408
30294408
716728029
906985395
906985395
625395513
625395513
464145100
464145100
17793596
519608195
519608195
519608195
519608195
811625715
562399383
562399383
562399383
562399383
137664508
137664508
137664508
880681195
880681195
919225824
919225824
919225824
919225824
919225824
292516119
292516119
125011380
125011380
125011380
125011380
125011380
125011380
125011380
125011380
125011380
125011380
125011380
125011380
125011380
125011380
759057476
560872734
560872734
560872734
420148286
420148286
420148286
420148286
420148286
420148286
420148286
654930322
369026329
369026329
369026329
977844664
977844664
434788711
434788711
434788711
434788711
434788711
434788711
434788711
434788711
434788711
102580099
102580099
280196331
21976436
21976436
21976436
21976436
21976436
21976436
465080448
465080448
465080448
465080448
465080448
465080448
465080448
465080448
465080448
465080448
465080448
465080448
465080448
465080448
465080448
465080448
382080214
629863701
629863701
821085729
821085729
821085729
821085729
821085729
821085729
821085729
821085729
592197646
592197646
592197646
592197646
592197646
460523648
460523648
174734490
520408328
520408328
520408328
520408328
520408328
597769429
693768365
693768365
693768365
693768365
693768365
693768365
942019731
942019731
942019731
942019731
435321747
435321747
435321747
435321747
435321747
907113650
907113650
907113650
855553417
855553417
855553417
823171928
823171928
260640445
260640445
260640445
260640445
918106024
918106024
918106024
918106024
870553073
870553073
870553073
65852896
65852896
567515882
567515882
567515882
567515882
567515882
15198806
15198806
15198806
15198806
15198806
348215828
348215828
348215828
348215828
348215828
577682321
577682321
577682321
577682321
577682321
577682321
577682321
577682321
577682321
456533614
633236491
633236491
452752603
528132382
528132382
528132382
528132382
528132382
528132382
528132382
528132382
528132382
665014021
665014021
400197056
455775055
455775055
455775055
455775055
455775055
67358018
67358018
67358018
67358018
67358018
67358018
968621928
71889817
71889817
71889817
71889817
71889817
71889817
595321547
595321547
595321547
595321547
595321547
595321547
595321547
595321547
595321547
595321547
814847866
789006119
789006119
789006119
789006119
789006119
789006119
789006119
789006119
789006119
789006119
789006119
789006119
117374153
117374153
117374153
117374153
117374153
117374153
117374153
895921369
62180128
62180128
799673409
799673409
146816609
898776592
898776592
898776592
898776592
898776592
898776592
898776592
898776592
124674660
372432163
802273663
177908924
177908924
177908924
177908924
771179493
771179493
771179493
771179493
40821122
40821122
40821122
40821122
592571785
592571785
592571785
592571785
592571785
219208247
219208247
219208247
995174296
995174296
995174296
276192405
523302311
523302311
523302311
74857575
74857575
74857575
74857575
74857575
282907616
282907616
282907616
282907616
282907616
930441470
930441470
930441470
710656453
710656453
710656453
710656453
710656453
710656453
758508859
286449274
286449274
286449274
834004878
991692626
991692626
991692626
779850487
779850487
779850487
779850487
779850487
779850487
547981468
878090383
878090383
799274896
799274896
799274896
799274896
424875335
424875335
424875335
424875335
424875335
424875335
424875335
60653054
60653054
60653054
626164068
626164068
626164068
626164068
626164068
994548059
312513501
312513501
312513501
312513501
312513501
312513501
312513501
710771459
710771459
710771459
710771459
329704097
329704097
329704097
329704097
329704097
329704097
329704097
715249526
715249526
336915770
336915770
490002739
490002739
490002739
490002739
78523293
78523293
78523293
617904831
617904831
84144409
341659089
111422289
111422289
111422289
111422289
111422289
743567113
313745347
313745347
313745347
313745347
313745347
924144063
924144063
924144063
924144063
924144063
924144063
924144063
263581965
263581965
263581965
263581965
263581965
263581965
812001723
812001723
109321549
109321549
109321549
109321549
109321549
109321549
109321549
109321549
109321549
20230144
20230144
494499510
494499510
494499510
587114367
587114367
587114367
587114367
587114367
413304215
413304215
413304215
413304215
972680108
733846963
733846963
893359095
893359095
34436182
34436182
34436182
34436182
34436182
807989079
807989079
807989079
807989079
490137009
490137009
490137009
490137009
887880486
887880486
462005274
714878906
99977721
717774340
698657253
698657253
14553758
14553758
14553758
14553758
11165312
11165312
11165312
11165312
11165312
655073427
664122257
664122257
664122257
664122257
664122257
630578848
891505642
201482463
201482463
201482463
201482463
634609737
634609737
634609737
255300918
255300918
255300918
255300918
255300918
255300918
729953527
729953527
420851749
420851749
420851749
420851749
420851749
420851749
420851749
420851749
420851749
420851749
420851749
420851749
420851749
420851749
66831022
797103156
797103156
797103156
797103156
797103156
797103156
211841772
211841772
211841772
937801969
937801969
937801969
937801969
937801969
937801969
937801969
937801969
937801969
48288724
891564934
891564934
891564934
891564934
891564934
891564934
891564934
891564934
933739850
933739850
933739850
933739850
933739850
933739850
533057137
533057137
533057137
659297280
659297280
150018820
150018820
150018820
150018820
150018820
150018820
150018820
150018820
150018820
146733982
146733982
146733982
146733982
64244207
64244207
64244207
64244207
64244207
64244207
64244207
64244207
568680898
568680898
568680898
568680898
818435589
818435589
818435589
818435589
818435589
818435589
818435589
818435589
818435589
818435589
818435589
818435589
818435589
818435589
818435589
818435589
296700186
296700186
296700186
296700186
296700186
296700186
296700186
493546867
493546867
493546867
493546867
493546867
493546867
493546867
493546867
266265255
266265255
266265255
266265255
266265255
266265255
266265255
288165730
288165730
288165730
288165730
288165730
288165730
288165730
288750681
288750681
288750681
698202068
698202068
939353260
939353260
939353260
939353260
939353260
939353260
939353260
939353260
939353260
939353260
939353260
939353260
932059249
932059249
932059249
932059249
932059249
577241280
577241280
577241280
577241280
577241280
288522422
970937329
970937329
970937329
336639467
336639467
336639467
336639467
336639467
336639467
336639467
336639467
336639467
336639467
336639467
128198911
959130848
959130848
959130848
959130848
959130848
767874465
697768035
695943095
542458363
542458363
542458363
953764271
953764271
953764271
953764271
953764271
953764271
953764271
930463941
930463941
930463941
930463941
930463941
930463941
930463941
930463941
930463941
930463941
841033907
170824561
170824561
170824561
170824561
170824561
170824561
170824561
170824561
170824561
920878042
955412637
955412637
847058695
359040059
704528266
587484419
587484419
651665248
651665248
651665248
651665248
651665248
407175593
407175593
407175593
407175593
407175593
407175593
407175593
407175593
407175593
407175593
520180154
520180154
520180154
520180154
107916686
107916686
107916686
107916686
107916686
425163729
425163729
556668485
556668485
556668485
556668485
266520874
266520874
266520874
266520874
559719366
793519820
793519820
29663600
729255585
729255585
729255585
686028805
686028805
686028805
686028805
602794970
411436182
757870847
757870847
757870847
757870847
757870847
757870847
757870847
757870847
757870847
757870847
757870847
133799908
133799908
133799908
133799908
133799908
133799908
133799908
133799908
133799908
133799908
133799908
133799908
723078170
723078170
723078170
846355406
746283656
746283656
746283656
746283656
54967911
568100661
241190433
756736173
756736173
346692360
677089035
677089035
677089035
275467239
275467239
275467239
801564261
801564261
628396651
628396651
628396651
628396651
628396651
10385816
10385816
10385816
10385816
10385816
10385816
10385816
10385816
10385816
10385816
10385816
910048424
910048424
910048424
353945872
353945872
353945872
292807518
292807518
292807518
292807518
77589736
194582266
194582266
194582266
194582266
194582266
875972258
875972258
302311659
302311659
302311659
302311659
302311659
302311659
302311659
302311659
302311659
302311659
302311659
247660177
247660177
247660177
247660177
15712741
15712741
15712741
15712741
15712741
15712741
15712741
15712741
15712741
15712741
15712741
15712741
15712741
15712741
15712741
15712741
15712741
15712741
15712741
15712741
15712741
15712741
15712741
15712741
15712741
775201627
775201627
775201627
775201627
775201627
775201627
775201627
775201627
775201627
775201627
775201627
401629031
401629031
401629031
401629031
401629031
401629031
401629031
297813617
297813617
297813617
297813617
297813617
297813617
208659224
208659224
208659224
381403038
856997855
856997855
856997855
856997855
856997855
856997855
154359687
154359687
154359687
154359687
154359687
154359687
154359687
154359687
154359687
723316973
723316973
723316973
704541312
434889295
736018966
736018966
736018966
736018966
389589270
427822476
383898210
383898210
383898210
383898210
383898210
383898210
139805645
409092431
409092431
409092431
655719318
655719318
634391177
634391177
139044088
576007099
576007099
576007099
389802574
389802574
389802574
389802574
389802574
710193423
710193423
693692325
693692325
890726616
890726616
887907361
887907361
887907361
887907361
887907361
887907361
442853198
442853198
442853198
442853198
442853198
442853198
132661576
132661576
132661576
132661576
132661576
132661576
132661576
132661576
132661576
132661576
132661576
132661576
132661576
132661576
602981377
602981377
347084451
347084451
347084451
347084451
347084451
347084451
347084451
347084451
347084451
998529239
438553190
438553190
277159718
277159718
277159718
277159718
277159718
749700971
749700971
749700971
749700971
749700971
749700971
529611763
529611763
207031026
207031026
207031026
207031026
207031026
207031026
207031026
207031026
562778442
793557027
793557027
793557027
793557027
793557027
529113565
673855085
673855085
673855085
673855085
673855085
673855085
673855085
673855085
673855085
673855085
673855085
673855085
282730962
282730962
282730962
282730962
282730962
607545066
607545066
281958507
281958507
281958507
281958507
605144861
605144861
605144861
533741758
512096369
512096369
512096369
512096369
512096369
512096369
512096369
512096369
512096369
512096369
512096369
512096369
512096369
512096369
512096369
512096369
512096369
512096369
512096369
624240225
624240225
624240225
711846521
711846521
711846521
646747069
646747069
646747069
646747069
646747069
646747069
646747069
825803041
825803041
65470257
65470257
65470257
729168144
729168144
874399881
708014112
777210599
546319489
546319489
546319489
645667371
645667371
645667371
645667371
645667371
645667371
957176919
957176919
957176919
957176919
957176919
957176919
957176919
100974389
100974389
159062227
888339007
454669095
454669095
454669095
454669095
454669095
36476554
352939037
954129736
954129736
954129736
954129736
796753478
796753478
70634680
70634680
70634680
70634680
70634680
70634680
34495271
34495271
483221540
773000469
773000469
608922857
608922857
608922857
5283224
5283224
5283224
5283224
5283224
5283224
483922480
434782131
434782131
434782131
434782131
953473379
953473379
174392567
962720418
962720418
283386781
283386781
283386781
283386781
283386781
690311979
690311979
690311979
690311979
241935933
241935933
241935933
241935933
241935933
241935933
241935933
241935933
241935933
554320990
554320990
554320990
554320990
691330438
691330438
691330438
691330438
691330438
691330438
212448698
212448698
212448698
380021149
506019372
506019372
506019372
536178112
536178112
536178112
536178112
929519583
613473596
613473596
613473596
692050994
692050994
692050994
692050994
692050994
692050994
692050994
692050994
692050994
829595564
26889956
26889956
643903629
643903629
643903629
643903629
643903629
559470835
559470835
559470835
559470835
559470835
559470835
452750831
452750831
452750831
452750831
452750831
452750831
385416934
183645499
183645499
222415304
265950138
265950138
265950138
265950138
299102460
299102460
299102460
299102460
25517943
25517943
25517943
351575377
351575377
351575377
351575377
364637338
364637338
364637338
364637338
364637338
209296472
209296472
209296472
81556061
81556061
968414963
968414963
968414963
968414963
968414963
968414963
968414963
968414963
2965390
2965390
2965390
2965390
2965390
2965390
2965390
2965390
127263292
127263292
127263292
127263292
127263292
2478373
2478373
2478373
717195971
717195971
717195971
717195971
563800437
563800437
563800437
563800437
604167319
604167319
604167319
604167319
604167319
604167319
604167319
604167319
94614210
94614210
94614210
94614210
94614210
644156063
238465622
238465622
238465622
238465622
238465622
609620416
609620416
184866102
184866102
896464302
896464302
896464302
896464302
896464302
896464302
892057583
892057583
848316338
848316338
848316338
848316338
277787172
828214082
828214082
828214082
828214082
787345267
787345267
272150723
322966217
322966217
322966217
322966217
322966217
322966217
322966217
322966217
322966217
322966217
322966217
322966217
322966217
322966217
588364098
932759757
932759757
932759757
932759757
932759757
932759757
928002458
928002458
928002458
928002458
928002458
928002458
928002458
928002458
395229824
395229824
395229824
437140516
437140516
437140516
437140516
437140516
314758649
314758649
314758649
314758649
314758649
314758649
761264369
761264369
761264369
580491250
580491250
580491250
580491250
580491250
580491250
372598030
372598030
372598030
372598030
372598030
372598030
372598030
198662064
198662064
198662064
154250451
205152454
927981288
927981288
927981288
659908078
659908078
659908078
659908078
659908078
659908078
659908078
659908078
241605392
241605392
241605392
241605392
40356740
40356740
40356740
40356740
103803147
103803147
103803147
103803147
103803147
28648439
28648439
28648439
762704232
593280097
593280097
593280097
593280097
312133260
312133260
312133260
