877 978
802 386
708 694
586 391
495 490
568 376
253 814
638 202
780 0
188 542
374 688
28 0
395 845
548 251
51 16
487 105
246 206
243 387
335 18
384 177
696 0
199 738
201 793
441 730
812 466
401 617
627 0
89 252
186 10
555 0
350 77
739 821
366 143
570 217
231 826
577 788
721 0
701 524
76 97
776 0
245 468
450 853
46 672
389 0
760 0
88 0
471 665
250 800
735 726
275 0
168 440
493 290
851 694
227 184
121 327
382 459
513 822
19 540
828 698
446 595
868 436
428 293
513 14
689 794
701 0
571 544
323 297
228 737
467 715
501 206
711 0
696 537
577 746
284 874
633 518
104 479
791 150
662 457
691 583
601 277
123 0
682 759
46 626
8 421
359 0
530 613
247 210
586 619
93 431
576 629
760 528
214 315
757 596
556 0
173 762
551 866
213 125
397 415
459 657
321 667
200 478
231 130
714 262
414 830
458 73
636 0
835 52
801 193
317 181
20 296
781 393
57 107
835 35
226 764
109 225
734 0
100 827
772 670
268 861
609 792
838 0
264 425
161 445
754 0
680 0
394 84
862 309
410 240
536 0
814 443
845 827
575 650
381 181
608 811
167 580
547 0
606 644
75 860
137 0
855 449
429 112
349 607
763 0
462 194
406 0
367 132
621 205
481 100
423 804
778 0
347 167
700 0
240 151
50 798
267 779
223 612
236 659
496 276
519 687
214 594
223 283
133 806
425 180
624 818
798 747
532 0
448 550
727 0
313 94
537 704
786 143
523 446
58 448
480 243
174 573
865 751
684 318
625 272
673 0
841 263
786 314
11 279
510 438
2 0
411 854
244 103
678 529
427 567
302 337
81 646
156 732
149 837
118 598
614 824
810 0
521 662
75 493
642 117
731 680
61 755
367 102
102 127
397 0
842 12
314 20
213 702
846 342
333 301
424 516
630 829
141 0
536 0
299 508
269 0
532 175
87 54
82 361
787 52
334 108
505 563
385 534
490 28
511 253
723 695
817 0
573 531
252 0
840 776
770 666
93 843
373 159
353 594
725 402
344 390
350 775
59 877
157 374
562 775
189 790
0 0
668 0
844 0
875 6
469 42
873 0
396 0
103 572
433 767
851 0
768 119
619 338
697 192
407 419
369 655
111 15
416 67
710 722
287 520
676 139
718 436
204 273
691 722
522 110
101 0
261 535
146 212
682 19
874 605
474 0
483 0
308 379
465 0
145 420
227 81
369 0
609 502
726 808
716 220
413 301
115 358
815 0
877 0
422 800
114 349
49 221
248 203
257 610
385 668
347 512
869 669
782 589
565 576
120 113
858 603
128 193
829 26
744 33
876 538
853 0
32 0
147 637
384 204
784 175
155 0
587 0
284 485
642 386
699 471
768 852
408 616
444 0
68 627
399 0
59 671
491 0
500 92
437 0
139 0
796 742
509 0
33 0
415 547
144 24
148 0
220 447
833 296
179 90
420 602
442 400
171 643
56 587
807 64
215 549
501 0
559 831
56 294
504 779
773 508
27 201
621 0
126 7
260 678
510 279
526 0
675 0
864 0
395 371
479 0
83 302
94 671
674 29
249 203
570 756
259 451
685 772
80 0
856 846
173 543
422 477
664 96
803 850
426 37
47 0
516 0
141 515
144 343
808 270
113 237
542 30
409 647
839 0
773 639
327 761
13 629
137 116
91 340
844 370
632 74
652 709
741 518
25 339
651 25
611 698
272 208
0 0
273 140
248 246
158 406
596 354
155 665
743 135
654 133
129 0
729 334
876 286
199 476
324 474
15 469
494 188
837 224
392 707
416 326
732 95
647 785
0 0
372 160
87 0
268 706
124 23
178 667
661 378
0 0
318 769
43 356
649 198
611 0
428 0
653 592
554 131
232 92
98 65
473 419
648 794
345 506
770 136
758 737
247 805
145 631
463 777
517 0
870 153
24 669
491 656
354 414
566 566
341 297
212 0
489 0
316 0
435 266
341 311
847 558
216 164
249 560
599 603
209 85
149 26
600 723
854 187
1 771
265 383
823 823
307 185
863 0
588 0
507 850
34 219
36 614
840 427
53 373
36 818
640 32
77 83
377 0
686 650
185 294
470 281
187 871
819 251
807 873
241 790
863 339
317 0
791 525
72 356
333 613
404 767
774 37
148 632
515 847
178 0
182 506
0 0
310 551
7 0
364 604
655 3
152 169
634 563
489 824
741 0
229 0
21 0
335 0
360 170
234 313
13 174
433 266
63 292
269 328
736 717
95 154
288 49
300 0
360 162
484 765
340 745
625 67
312 304
455 470
697 631
521 3
556 572
496 591
821 692
463 679
394 304
14 626
546 622
388 641
62 0
499 182
620 681
535 465
106 0
739 485
22 401
0 0
379 640
528 0
364 0
624 351
287 579
564 134
409 713
453 430
658 38
453 748
774 66
486 605
727 481
443 0
138 0
300 295
281 0
165 0
562 832
0 0
76 456
99 595
557 74
282 365
590 766
355 472
549 405
312 492
505 0
11 718
430 320
357 0
322 0
449 617
753 122
684 259
44 1
412 487
224 539
172 724
291 114
290 512
857 190
210 454
520 0
332 659
366 729
10 0
40 568
390 784
306 0
643 62
686 495
630 0
111 445
225 17
222 0
232 582
742 0
755 346
687 764
353 440
555 635
53 104
342 315
310 0
654 0
176 319
738 580
330 154
150 711
872 135
544 657
432 604
230 99
597 0
88 503
209 0
239 583
778 219
832 0
705 69
799 663
608 218
285 581
275 130
398 514
186 362
235 388
211 202
78 447
677 867
217 5
454 0
870 8
785 464
140 358
412 788
858 849
769 719
552 29
757 0
271 0
0 0
753 0
194 159
157 462
693 482
434 0
292 254
343 550
734 229
177 0
191 403
526 728
336 378
306 488
71 789
592 601
64 558
849 286
98 363
456 836
825 553
679 610
309 553
147 559
179 9
735 55
645 41
262 793
256 189
163 63
316 472
545 60
399 830
439 86
257 396
192 862
85 748
724 0
361 18
123 574
411 750
164 552
720 0
216 0
721 337
211 0
89 254
466 540
311 344
120 705
91 161
677 0
280 17
699 242
475 391
713 380
112 305
802 122
66 183
264 303
693 0
750 531
599 376
41 498
256 45
615 681
529 382
623 110
666 813
588 50
834 79
307 198
261 809
146 54
291 138
545 57
255 293
663 789
79 700
799 142
492 866
560 0
811 329
728 0
616 434
692 812
151 585
277 404
848 0
48 442
690 86
80 0
706 758
108 27
128 864
230 40
822 126
417 801
58 106
820 0
325 533
859 656
125 648
158 0
190 539
660 82
280 437
191 0
710 816
417 441
298 497
200 235
825 0
368 761
270 828
421 746
780 582
541 766
831 527
357 0
346 242
865 565
413 600
237 0
359 429
450 733
400 0
581 84
716 65
703 503
676 0
375 745
328 0
136 809
392 457
45 0
511 661
460 820
848 0
460 0
476 380
733 48
731 305
38 628
250 0
690 308
153 407
222 857
523 660
674 197
42 712
519 468
717 0
31 856
561 289
756 372
234 752
842 172
43 593
196 702
638 0
435 303
260 258
816 0
500 0
819 348
238 0
168 720
233 497
31 826
509 719
815 73
398 0
207 628
653 484
215 0
255 371
195 330
792 115
606 55
321 244
124 0
571 620
439 0
458 0
101 438
673 245
323 131
271 320
664 0
282 804
578 370
51 810
839 44
295 805
35 0
683 841
116 796
777 4
635 0
345 348
405 96
803 336
452 859
482 0
197 61
381 444
326 23
598 0
375 806
652 170
480 740
645 195
60 184
736 142
267 0
709 0
258 618
637 567
6 332
78 765
747 0
105 34
432 633
602 634
464 683
875 152
749 403
363 641
534 452
548 387
834 118
525 759
377 162
68 233
166 483
557 236
649 0
160 289
852 533
9 265
196 71
623 183
2 0
163 524
795 527
843 0
715 383
426 451
402 714
612 16
504 117
418 486
70 872
675 584
763 591
423 0
239 408
0 0
418 861
744 393
585 325
278 781
274 329
584 672
597 475
322 0
725 0
498 579
751 593
740 575
833 569
389 205
410 477
538 0
543 0
132 0
21 522
169 424
658 0
478 0
368 615
30 743
134 156
836 0
752 871
165 704
285 651
263 218
39 331
455 607
771 278
352 561
298 39
762 0
107 639
288 355
208 127
461 783
782 688
514 494
868 461
813 0
22 867
578 241
365 109
783 0
0 0
695 869
324 554
569 4
299 90
47 283
72 97
119 730
431 238
689 352
860 589
473 276
855 180
69 754
507 12
564 644
795 797
817 0
70 670
351 530
502 0
838 749
636 0
221 590
362 5
319 166
685 574
488 228
121 622
331 541
712 274
618 546
646 499
467 517
797 129
338 0
787 703
207 0
226 171
176 0
708 707
