1068
211 128
258 317
258 761
321 135
97 321
97 202
387 144
387 734
90 529
90 44
318 586
828 318
374 828
374 138
639 491
639 115
642 714
642 343
722 355
750 559
328 757
720 328
772 720
756 772
41 298
756 41
499 763
499 213
768 730
768 770
769 719
590 830
590 29
635 835
635 691
192 839
862 192
709 151
701 709
862 701
164 852
153 164
700 153
700 454
866 269
963 866
595 963
595 977
874 183
897 560
357 906
94 925
357 94
946 797
88 946
229 877
88 229
951 123
609 951
680 609
367 754
292 367
680 292
955 224
960 105
461 299
528 461
270 528
776 270
721 88
664 88
776 721
664 814
7 90
617 90
791 7
617 676
571 621
86 571
426 97
825 97
86 426
543 825
543 503
275 958
279 86
624 86
809 279
119 809
275 119
385 624
260 385
301 260
19 640
301 19
441 211
647 211
479 441
364 479
210 364
331 647
469 244
331 469
103 210
663 210
433 103
388 433
92 388
629 92
663 312
215 239
704 239
406 215
265 436
704 265
705 542
141 258
921 258
283 141
568 283
705 568
466 544
509 466
921 509
432 275
732 275
314 432
834 732
860 834
220 860
287 240
220 287
523 271
264 523
703 220
764 220
264 703
424 764
699 933
228 699
424 228
687 264
773 264
140 687
755 140
84 755
198 124
773 198
104 84
802 84
815 104
802 280
774 301
804 301
536 774
910 536
804 975
359 314
832 314
820 359
554 832
332 554
332 806
837 310
132 331
108 331
837 132
108 472
641 108
858 108
738 641
959 858
959 120
110 332
891 332
893 110
922 893
449 922
564 449
824 564
370 824
296 320
891 296
146 357
903 357
339 146
903 43
169 339
917 339
71 169
20 71
917 545
250 973
87 250
3 20
685 20
87 3
896 685
896 603
208 363
909 208
487 909
857 487
573 87
156 87
850 573
242 850
857 242
867 156
550 370
377 370
867 550
478 377
478 323
485 374
601 374
530 485
74 384
379 384
854 74
601 854
379 490
340 484
727 340
56 727
517 379
82 379
62 517
56 62
42 56
895 56
82 42
885 895
885 344
409 82
99 82
480 409
246 387
512 387
185 246
811 185
99 811
512 93
579 520
329 579
976 329
113 99
588 99
976 113
158 588
782 404
40 404
158 782
817 40
817 178
546 608
237 158
234 158
546 237
188 406
675 406
348 188
462 348
30 462
234 30
675 36
414 234
702 234
868 414
465 411
335 411
452 465
702 452
330 304
335 330
443 712
351 335
285 335
443 351
16 424
69 424
386 16
285 386
69 333
715 636
309 715
888 309
606 69
78 69
888 606
261 285
256 285
78 261
739 794
256 739
295 78
446 78
209 295
581 209
566 256
735 256
399 566
191 399
446 191
570 735
778 570
778 584
737 316
683 443
583 443
737 683
114 583
936 114
551 936
821 446
148 446
551 821
148 887
315 148
419 148
795 315
585 478
747 478
419 585
747 8
604 419
760 419
45 604
974 760
217 45
106 45
974 217
112 826
106 112
695 766
238 106
470 106
659 238
695 659
935 470
822 480
376 480
935 822
376 241
667 376
537 376
445 667
605 445
558 482
819 482
535 558
537 535
819 630
823 194
14 499
881 499
823 14
155 881
160 512
943 512
155 160
943 362
378 847
841 155
494 155
378 841
504 378
864 378
494 504
864 463
37 494
875 494
64 37
637 64
677 64
498 637
660 498
875 660
27 226
677 27
972 392
954 972
876 527
749 527
954 876
334 749
654 334
849 530
187 530
300 849
654 300
458 187
227 39
458 227
219 458
488 458
556 219
855 488
327 855
272 327
427 537
510 537
272 427
653 272
651 272
126 653
666 126
251 666
510 251
651 743
567 668
788 567
203 510
952 510
788 203
455 543
360 543
952 455
643 546
410 546
833 643
360 833
767 410
129 541
6 129
222 6
767 222
661 360
553 360
438 661
927 553
552 438
748 438
961 552
284 961
502 284
927 502
967 748
920 967
924 920
741 547
799 547
924 741
865 799
311 26
865 311
389 551
46 551
303 389
307 46
684 303
751 303
307 684
587 751
199 587
836 199
780 836
350 307
628 307
780 350
672 628
442 672
442 674
116 442
130 442
147 116
540 147
167 540
12 130
346 167
807 167
12 346
707 12
61 12
807 707
61 416
396 268
418 61
818 61
940 418
396 940
66 396
435 396
818 66
302 556
214 556
577 302
233 577
679 233
440 679
435 440
214 165
145 907
201 214
928 214
200 201
145 200
383 928
177 383
507 145
255 145
177 507
838 177
408 177
401 838
255 401
408 812
929 937
932 929
60 255
259 255
932 60
557 259
181 408
342 408
557 181
182 435
816 435
342 182
816 263
670 342
964 342
80 670
117 80
956 80
354 117
964 354
599 557
390 557
884 599
956 884
913 390
368 913
9 368
398 9
931 398
614 931
614 803
95 581
711 581
483 95
593 483
555 711
508 590
516 590
555 508
125 555
758 555
516 125
612 758
380 516
471 516
381 380
918 381
612 918
471 453
486 471
511 471
253 486
274 253
77 274
765 274
195 77
511 195
400 511
978 511
765 400
2 593
52 593
978 2
52 248
562 52
688 52
632 562
1 595
306 595
688 1
197 601
882 601
306 197
336 306
154 306
882 336
154 846
257 572
532 154
899 154
257 532
694 899
657 694
597 257
501 257
808 597
843 808
657 843
402 501
190 402
914 190
533 914
953 605
136 605
533 953
810 533
656 533
136 810
58 136
382 136
745 58
366 745
276 366
48 276
656 48
382 415
798 673
50 382
589 382
798 50
231 612
159 612
589 231
91 589
592 589
159 91
206 592
356 206
784 356
800 159
34 159
784 800
101 614
613 614
34 101
613 49
18 34
669 34
493 18
216 669
736 216
779 736
59 493
549 493
171 59
779 171
602 549
5 613
693 613
576 5
726 576
602 726
444 602
293 602
693 444
648 617
394 617
626 648
293 626
297 905
394 297
262 293
698 293
908 262
492 908
873 394
689 394
698 873
538 689
477 492
361 492
538 477
879 538
353 538
361 879
563 353
627 361
801 361
412 627
176 412
563 176
801 319
665 245
286 563
652 563
665 286
515 652
829 629
941 629
428 829
515 428
902 941
325 515
109 515
902 325
204 109
180 204
170 631
32 631
180 170
22 180
658 180
338 22
724 338
218 724
393 218
574 393
32 574
102 658
880 102
232 880
232 898
725 345
294 32
107 32
725 294
728 107
23 232
945 232
740 23
728 740
249 945
870 632
731 632
308 870
249 308
892 731
717 892
152 717
127 152
904 249
358 249
127 904
282 127
47 127
358 282
47 775
67 47
425 47
965 67
644 965
578 644
723 425
407 723
118 358
890 358
407 118
539 407
267 407
883 539
890 883
73 267
305 578
525 578
73 305
678 73
57 73
24 678
716 24
514 716
31 514
525 31
266 57
81 525
863 525
266 81
473 863
598 70
76 598
473 76
729 524
166 266
638 266
172 166
729 172
365 638
431 473
289 473
322 431
365 322
939 289
223 939
447 223
753 447
278 365
207 365
753 278
475 635
85 635
207 475
957 85
531 957
163 207
460 207
531 163
193 531
489 531
457 193
460 457
489 437
500 783
845 460
710 460
500 845
708 489
645 489
610 708
710 610
872 645
790 500
205 500
872 790
422 639
63 639
733 422
96 733
205 96
785 205
869 205
923 785
947 923
63 947
405 869
786 405
352 786
620 63
962 63
33 620
352 33
615 962
28 575
615 28
607 352
456 352
149 607
853 456
15 853
565 15
625 149
35 149
565 625
72 565
746 565
35 72
83 746
622 83
252 35
421 35
777 252
430 777
622 430
949 615
157 615
421 949
513 421
886 421
157 513
886 142
650 915
548 650
38 157
944 157
548 38
474 548
413 548
944 474
789 622
900 622
413 789
175 900
89 413
373 413
291 89
752 291
175 752
225 175
692 175
174 225
496 174
373 496
671 692
467 373
916 373
448 467
184 448
671 184
787 916
349 642
313 642
168 349
495 168
787 495
235 281
313 235
100 911
519 313
859 313
616 519
742 616
100 742
649 859
420 100
759 100
649 420
324 649
618 649
277 324
759 277
851 651
505 651
618 851
805 505
476 618
247 618
718 476
79 718
646 79
417 646
805 417
497 654
439 654
247 497
792 247
690 247
439 792
162 439
950 439
121 162
690 121
561 656
25 656
139 561
950 139
526 25
934 657
619 657
526 934
619 682
971 429
878 526
450 526
68 878
971 68
871 450
655 871
326 619
942 619
655 326
212 655
337 655
942 212
371 663
926 663
337 371
111 926
706 111
844 337
53 337
662 844
706 662
481 664
423 664
521 481
970 521
189 970
273 189
53 273
831 53
796 53
423 831
468 423
13 423
796 468
861 665
17 665
13 861
173 17
131 13
464 13
901 131
842 901
173 842
221 11
4 221
580 4
464 580
75 347
591 75
230 173
633 173
459 230
591 459
143 633
634 143
10 464
930 464
236 10
634 236
290 591
948 591
930 290
137 948
569 634
288 634
51 569
196 51
137 196
134 137
596 137
150 134
288 150
21 596
771 288
686 288
395 771
21 395
534 686
919 21
611 21
179 919
827 179
856 827
623 856
403 623
369 403
534 369
713 534
894 534
133 713
611 133
968 894
781 968
243 781
397 243
254 397
582 611
122 611
254 582
681 122
506 254
762 254
375 506
681 375
840 671
161 671
762 840
391 161
391 594
372 391
744 391
696 675
522 675
912 696
744 912
813 522
600 677
98 677
65 600
813 65
55 98
697 55
186 697
341 186
518 680
966 680
969 518
848 969
793 848
341 793
54 372
966 54
