902
138 126
482 138
309 482
665 309
369 665
22 369
382 22
935 382
540 935
78 540
882 78
82 882
123 82
477 123
791 477
442 791
396 442
800 59
612 800
163 612
383 163
880 383
396 880
142 12
129 142
538 129
375 538
518 375
942 518
195 942
413 195
525 413
647 525
593 647
782 593
228 782
466 228
459 161
90 459
214 90
911 214
605 911
607 605
681 607
722 681
466 722
234 204
56 234
266 56
99 266
99 704
11 253
460 11
562 460
766 562
19 766
125 19
491 125
731 491
63 731
826 63
615 826
339 615
115 339
831 115
872 831
429 872
862 429
953 862
164 953
452 164
875 452
585 875
724 585
364 162
902 364
724 902
259 371
488 259
732 488
213 732
924 213
276 924
507 276
700 507
700 650
398 340
512 398
610 512
692 610
478 692
899 478
435 899
858 435
71 858
487 71
930 487
326 930
3 326
679 3
505 679
473 505
305 473
216 305
495 216
205 495
380 205
456 380
517 738
833 517
60 833
250 60
448 250
485 448
456 485
258 405
202 258
199 202
331 199
331 661
318 462
703 318
624 748
97 624
703 97
347 497
533 347
750 533
733 750
903 733
837 903
528 837
626 528
957 626
873 957
756 873
616 756
181 616
625 181
8 625
920 8
752 55
621 752
110 621
785 110
351 785
7 351
558 7
407 558
159 407
103 159
91 103
677 91
920 677
64 506
536 64
618 536
327 618
174 327
122 174
801 122
134 801
113 134
445 113
376 445
320 376
821 320
619 821
217 619
300 217
430 300
240 430
662 240
24 662
230 24
357 230
242 357
352 42
516 352
294 516
242 294
388 535
871 388
285 871
414 285
864 414
508 864
185 508
345 185
937 345
550 937
104 550
232 419
420 232
786 420
254 786
314 254
617 314
651 617
177 651
426 177
70 426
361 70
104 361
343 549
268 343
153 268
153 191
557 236
557 306
570 444
480 570
545 480
169 545
566 169
919 566
792 919
501 792
745 501
271 745
323 271
211 323
848 211
377 848
386 377
412 386
720 412
481 720
51 481
233 51
836 233
835 836
639 835
25 639
248 25
551 248
691 551
804 691
856 804
856 156
332 575
132 332
909 132
753 909
178 753
409 403
95 409
35 95
166 35
761 166
292 761
653 292
778 653
118 778
178 118
385 583
74 385
561 74
586 561
635 586
949 635
793 949
168 793
117 168
933 117
175 933
876 494
524 876
892 524
175 892
587 484
379 587
787 379
659 787
671 659
838 671
10 838
960 10
819 960
936 819
246 936
723 246
451 670
31 451
425 31
695 425
843 695
62 843
723 62
613 67
346 613
346 151
519 628
289 519
844 289
854 844
468 854
43 468
727 43
822 727
686 822
321 221
44 321
686 44
630 270
595 630
277 595
816 277
275 816
694 275
6 296
556 6
737 556
502 737
694 502
644 238
158 644
157 158
394 157
658 394
803 658
130 803
279 130
144 279
530 144
18 530
667 18
760 667
203 760
929 203
111 929
632 111
365 632
884 365
573 884
171 573
757 235
287 757
92 287
171 92
278 654
328 278
955 328
96 955
751 96
237 751
85 237
795 85
888 795
600 888
146 600
212 146
212 947
656 461
337 656
708 337
708 13
668 317
887 668
408 887
304 641
408 304
701 370
706 329
541 706
717 541
948 717
555 948
961 555
94 705
684 94
689 684
855 689
714 855
225 714
434 225
498 434
116 498
547 116
539 547
741 539
576 741
851 576
853 851
313 853
152 313
54 152
693 54
883 693
961 883
443 709
182 794
443 182
713 73
109 713
109 239
716 479
560 716
338 560
101 338
439 101
46 439
5 46
574 5
827 574
61 827
348 61
736 348
310 840
260 310
170 260
366 170
736 366
578 719
805 578
563 805
881 563
775 881
486 775
806 486
467 806
746 467
591 746
155 591
450 155
609 450
121 609
940 121
190 940
53 190
475 53
735 475
735 521
418 728
432 418
342 432
428 342
846 428
813 846
813 818
744 372
243 744
877 243
771 877
249 771
544 249
492 544
282 492
15 282
255 15
581 255
590 581
886 590
866 886
215 77
493 215
565 493
603 565
690 603
866 690
749 192
106 749
367 758
546 367
664 546
106 664
754 629
400 754
256 400
868 256
865 868
257 865
534 257
534 642
755 399
710 755
828 710
457 828
726 956
729 726
511 729
809 511
23 809
457 23
769 646
532 769
504 532
928 504
140 928
770 807
841 770
622 841
582 622
817 582
687 817
27 687
422 27
32 422
759 32
186 759
344 186
140 344
522 776
765 522
391 765
298 391
946 298
362 946
188 33
88 188
896 88
272 896
133 272
189 133
389 189
417 389
673 417
362 673
777 274
136 777
201 136
208 201
45 893
288 45
66 288
218 66
208 218
779 660
815 779
914 815
891 914
229 891
251 229
680 251
620 680
526 620
220 526
543 220
14 543
252 14
252 384
790 245
356 790
20 356
36 20
808 36
764 373
21 764
176 21
808 176
499 812
26 499
913 26
712 913
50 712
950 50
93 950
740 93
796 740
725 796
553 725
469 553
224 469
263 685
224 263
814 433
107 814
780 107
802 780
145 802
324 145
57 324
293 57
707 293
682 707
859 682
416 859
154 416
637 154
640 637
283 640
608 283
349 608
183 349
472 520
711 472
183 711
127 825
489 127
889 489
52 889
374 52
768 374
173 768
789 173
666 789
281 666
449 281
16 870
500 16
319 500
401 319
290 401
341 290
354 341
655 354
584 655
845 584
678 845
330 678
124 330
449 124
200 832
857 200
312 857
596 312
509 596
381 509
527 381
941 527
567 941
860 567
49 860
636 49
490 636
112 514
72 112
788 72
652 788
571 652
421 571
79 421
303 79
299 303
510 299
363 510
490 363
839 311
48 839
465 48
663 465
927 663
227 927
393 227
747 393
554 747
308 554
17 308
241 17
438 241
440 438
378 440
907 378
80 907
297 80
197 297
360 197
906 360
781 906
441 781
2 932
441 2
69 847
83 69
415 83
359 415
187 359
322 187
783 322
943 783
1 943
734 1
945 734
589 945
598 589
470 598
834 470
934 206
559 934
643 559
811 643
368 811
247 368
572 247
76 572
149 76
139 149
515 139
834 515
108 863
86 108
86 820
100 869
767 100
952 767
594 952
463 594
160 463
244 160
676 698
503 676
762 503
207 762
264 207
302 264
135 302
65 135
577 65
267 577
336 267
28 336
900 28
262 900
627 262
897 627
569 897
922 569
784 922
852 784
798 852
842 798
244 842
874 648
198 874
223 198
410 89
699 410
58 699
223 58
894 184
172 894
878 172
39 878
284 39
179 284
387 179
350 387
307 350
196 307
631 196
918 631
30 918
180 30
923 180
901 923
959 901
9 959
602 9
464 411
427 464
810 427
471 810
564 471
763 564
84 763
483 84
602 483
904 743
476 904
513 476
102 513
455 102
623 395
606 623
455 606
291 912
672 291
496 672
614 496
436 614
120 436
286 120
193 286
944 193
925 944
447 925
879 447
231 879
431 231
742 431
98 742
885 98
148 885
718 148
137 718
548 597
119 548
611 119
588 611
402 588
568 402
334 568
599 334
137 599
895 916
633 895
75 633
4 75
683 4
829 683
34 829
68 34
114 68
910 114
453 910
580 453
799 580
41 799
406 41
634 604
454 634
552 454
333 552
739 333
265 739
437 265
890 437
458 890
358 458
730 358
406 730
917 40
867 917
592 867
823 592
353 823
774 353
523 774
210 523
147 210
702 261
824 702
908 824
128 908
696 128
688 696
105 688
295 105
392 295
147 392
355 921
226 355
165 226
29 165
674 29
335 674
37 335
167 37
38 167
143 38
721 143
209 721
898 209
315 301
579 315
772 579
850 772
898 850
939 675
87 939
150 87
397 150
222 397
645 861
273 645
638 273
915 638
219 915
222 219
529 951
531 529
905 531
697 905
423 697
280 423
773 280
773 81
537 954
390 537
797 390
849 797
931 849
194 931
474 194
141 474
141 657
958 404
926 958
649 926
47 649
542 47
601 542
316 601
938 316
669 938
446 325
715 446
830 715
131 830
269 131
424 269
669 424
