1235
341 344
147 341
11 147
83 11
586 83
586 344
56 387
297 387
297 56
23 297
445 297
445 23
35 445
556 445
154 35
556 154
472 556
681 556
822 681
822 472
322 586
719 586
258 719
894 258
285 322
605 285
309 605
880 309
456 880
894 456
21 822
617 822
686 21
796 686
709 796
617 709
823 617
102 617
245 823
102 245
837 102
628 102
658 837
239 658
628 239
201 628
119 628
919 201
302 919
891 302
119 891
968 119
828 119
87 968
965 87
449 965
828 449
507 828
191 828
976 507
247 976
191 247
988 191
284 191
466 894
518 894
350 466
632 350
284 632
93 988
518 93
875 284
30 284
90 518
675 518
870 90
376 870
254 376
443 254
30 443
835 675
158 835
759 158
379 875
759 379
710 30
243 30
912 243
48 759
718 759
324 48
552 324
892 552
432 892
348 432
912 348
398 718
884 398
884 710
749 884
427 884
303 427
207 303
691 912
38 912
207 691
724 749
38 724
374 38
689 38
235 689
757 235
95 757
161 95
384 207
769 207
370 384
294 370
802 294
161 802
838 769
936 838
936 374
608 161
333 161
509 936
775 936
742 509
465 742
241 465
333 241
914 608
165 914
126 165
775 126
770 333
378 333
42 378
707 775
540 775
42 707
787 770
124 787
565 124
540 565
537 42
169 42
381 540
502 540
169 381
819 537
812 819
502 812
70 169
220 169
140 502
922 502
644 140
642 644
601 642
487 601
779 487
220 779
950 922
950 70
866 220
593 220
454 593
684 950
925 950
458 684
454 458
111 925
180 866
670 180
863 670
111 863
132 111
298 111
391 298
853 454
943 454
781 853
989 781
661 989
911 661
553 911
391 553
415 943
415 132
246 391
613 391
558 415
944 415
984 558
613 984
614 944
883 614
896 883
896 246
429 613
733 613
953 733
29 953
229 896
952 896
799 229
861 799
512 861
29 512
17 952
760 17
146 760
606 146
562 606
562 429
945 29
462 29
74 562
510 562
618 74
462 618
986 945
227 986
567 227
510 567
64 462
907 462
554 510
411 510
204 554
720 204
907 720
491 411
272 491
14 907
262 907
206 14
767 206
272 767
262 64
969 262
73 262
527 272
183 272
73 527
687 183
187 73
386 73
424 187
869 424
687 869
386 969
890 386
704 386
929 687
671 687
790 929
649 790
704 649
192 704
394 704
725 192
413 725
342 413
377 342
671 377
980 890
394 980
868 394
172 394
743 671
320 671
172 743
428 172
643 172
627 428
274 627
440 274
320 440
580 868
643 580
505 320
5 320
589 643
956 643
61 589
5 61
478 5
727 5
202 478
956 202
423 727
423 505
395 423
261 423
940 956
267 956
261 940
741 261
752 261
267 741
75 752
728 395
75 728
464 75
652 75
360 267
514 267
532 360
652 532
401 514
541 652
815 652
902 541
407 902
903 407
401 903
881 815
881 464
975 401
155 401
66 155
188 881
594 881
347 188
7 347
66 7
889 594
134 66
848 66
31 134
926 31
557 926
542 557
477 542
889 477
197 848
197 975
361 197
335 197
210 889
97 889
702 210
259 702
833 259
335 833
920 335
118 335
97 920
783 118
2 783
382 361
251 382
963 251
412 963
899 412
843 899
2 843
91 2
830 2
840 830
522 97
45 97
744 522
840 744
841 840
308 840
205 841
45 205
967 91
57 967
287 57
233 287
739 233
688 739
308 688
635 45
528 45
474 528
100 308
539 308
501 100
474 501
326 539
450 474
982 474
579 450
167 579
326 167
982 635
503 326
711 326
897 711
98 982
776 982
470 98
751 470
680 751
439 680
897 439
230 776
327 230
829 327
874 897
148 897
829 874
242 148
55 829
200 829
312 55
94 312
242 94
824 200
223 503
600 223
234 600
824 234
715 242
816 242
310 816
86 310
442 824
339 824
306 442
86 306
120 339
570 86
876 86
120 570
9 120
714 120
669 9
876 669
834 714
774 834
299 715
566 299
774 566
489 774
351 774
488 351
877 488
305 877
343 305
109 343
637 109
301 876
519 876
115 301
592 115
826 592
762 826
637 762
813 637
559 637
113 813
519 113
630 559
636 519
864 519
212 636
630 212
568 489
156 568
864 156
228 630
611 630
345 611
103 864
194 864
345 103
121 194
484 121
697 345
332 345
886 697
484 886
577 332
12 577
609 484
964 484
12 609
6 228
409 6
964 409
314 12
927 12
260 964
425 964
927 260
755 927
668 927
84 755
425 84
818 668
214 425
970 425
804 214
334 804
795 334
244 795
184 244
240 184
948 240
818 948
280 314
970 280
435 818
28 818
186 28
571 186
933 571
939 970
475 970
290 939
933 290
480 933
634 933
475 480
717 475
354 475
634 717
721 354
88 634
459 634
164 88
622 164
958 622
721 958
142 459
173 142
569 173
793 569
737 435
942 737
616 942
977 616
133 977
793 133
211 721
177 721
972 177
128 972
141 793
575 793
145 141
673 145
735 673
50 735
494 50
403 494
128 403
159 575
22 128
921 128
573 22
159 573
390 159
60 159
921 390
993 60
137 993
389 137
283 921
526 921
938 283
389 938
481 526
797 481
797 211
814 389
801 389
162 801
499 162
615 797
110 797
499 615
463 110
811 499
817 499
496 811
139 496
916 139
463 916
641 817
653 641
40 653
385 463
753 463
40 385
629 753
665 40
734 40
990 665
629 990
931 734
983 931
983 814
582 629
311 629
300 311
65 300
58 983
92 983
373 58
810 373
479 810
65 479
221 65
26 65
92 221
772 26
237 772
847 237
419 847
349 419
125 92
809 92
76 125
349 76
716 349
831 349
918 716
809 918
352 831
352 582
420 352
857 352
782 857
904 782
657 904
396 657
706 809
639 809
396 706
380 396
648 396
639 380
358 648
850 358
402 850
917 639
304 639
372 917
794 372
337 794
402 337
483 402
957 402
587 483
304 587
798 957
550 420
291 550
763 291
798 763
288 304
129 304
446 798
346 798
633 446
129 633
67 129
406 129
421 67
572 421
346 572
222 346
690 346
406 222
895 406
978 406
281 895
59 281
690 59
705 288
213 705
624 213
978 624
979 690
208 690
533 208
63 533
858 978
604 978
63 858
89 63
631 63
604 89
209 604
621 604
631 209
79 621
375 79
178 631
455 631
375 178
500 455
51 979
966 51
679 966
955 679
500 955
647 375
153 375
232 153
357 500
545 500
699 357
321 699
268 321
867 268
232 867
195 545
226 195
353 232
329 232
338 353
226 338
336 329
143 226
792 226
336 143
517 336
991 336
515 517
954 515
792 954
865 991
660 647
646 660
865 646
548 792
397 792
685 865
383 865
397 685
253 397
842 397
383 253
588 842
16 588
434 16
151 383
160 383
434 151
985 434
992 434
547 985
160 547
47 548
534 47
961 534
992 961
498 160
748 160
136 748
43 992
215 992
623 43
136 623
731 215
163 731
216 136
20 136
39 216
163 39
780 163
340 163
271 780
20 271
490 20
82 20
340 490
431 340
620 340
292 431
82 292
620 498
24 82
530 82
747 530
703 747
598 620
645 620
610 598
693 610
703 693
860 645
277 860
203 703
677 703
277 203
78 677
328 78
467 277
116 277
328 467
849 328
68 328
116 849
531 116
845 116
68 531
844 845
700 24
761 700
286 761
367 286
433 367
844 433
924 68
451 68
654 451
771 654
683 771
13 683
218 13
392 218
698 844
363 844
392 698
581 392
318 392
363 581
1 318
585 363
723 363
754 585
1 754
839 1
730 1
723 839
276 723
255 723
405 276
730 405
701 255
786 701
72 786
315 72
898 924
315 898
908 315
482 315
448 730
662 730
482 448
263 662
784 482
485 482
150 784
263 150
476 485
444 263
426 263
231 444
316 231
476 316
909 476
564 476
426 909
882 564
934 426
935 426
882 934
935 908
888 882
468 882
949 935
437 935
846 949
851 846
217 851
25 217
359 25
468 359
236 437
676 236
941 468
54 468
369 941
495 369
676 495
854 54
330 854
758 676
862 676
330 758
932 330
279 330
862 932
364 279
740 364
596 862
947 862
836 596
740 836
947 888
666 740
53 740
80 947
765 947
53 80
355 53
4 53
765 355
8 4
296 8
708 296
44 765
250 765
708 44
249 250
3 249
638 3
791 708
538 708
638 791
806 538
887 806
746 887
872 746
878 872
34 878
185 34
196 185
544 196
168 544
362 638
19 638
168 362
995 666
906 995
19 906
469 19
766 19
127 766
736 168
729 168
127 736
764 729
366 127
117 127
404 366
504 404
764 504
626 764
388 764
270 626
117 270
656 117
325 117
672 656
430 672
388 430
371 325
122 371
981 388
551 388
122 981
15 551
461 15
913 122
138 122
461 913
257 461
602 461
138 257
602 469
994 138
323 138
149 602
773 602
323 149
27 773
821 27
536 323
189 323
543 536
821 543
803 189
520 821
238 821
37 520
619 37
803 619
356 803
549 803
238 356
738 238
319 238
549 738
900 549
265 549
590 900
607 590
319 607
417 319
612 319
521 417
265 521
452 612
452 994
971 265
295 265
199 452
282 452
599 199
18 599
295 18
266 282
667 266
114 295
106 295
131 114
667 131
307 667
885 667
106 307
85 106
893 106
108 85
885 108
438 893
193 885
825 885
438 193
293 438
574 438
112 293
198 112
825 198
745 574
523 825
805 825
928 523
182 928
852 182
584 852
745 584
418 805
418 971
987 418
49 418
597 745
873 745
49 597
399 49
832 49
696 399
873 696
663 873
81 873
529 663
436 529
832 436
166 832
785 832
313 166
859 313
81 859
930 785
190 81
732 81
492 190
923 492
930 923
651 930
252 930
365 651
879 365
732 879
525 732
827 732
962 525
252 962
273 987
827 273
855 252
695 252
497 827
41 827
678 497
248 678
778 248
695 778
99 695
640 695
41 99
101 640
960 41
486 41
101 960
664 486
561 664
511 561
712 511
591 101
856 101
712 591
422 856
513 712
410 712
946 513
264 946
130 264
422 130
289 410
171 422
170 422
453 171
289 453
750 289
974 289
170 750
974 855
576 170
181 170
104 974
777 974
181 104
269 181
807 181
951 269
777 951
560 777
915 777
219 560
408 219
77 408
713 77
524 713
807 524
722 807
224 807
915 722
692 915
175 915
563 692
546 563
224 546
144 224
10 224
175 144
937 175
107 175
10 937
135 107
650 10
674 10
135 650
36 674
32 36
32 576
555 32
393 32
62 393
508 135
682 135
256 508
62 256
441 682
756 441
414 62
578 62
625 414
516 625
71 516
756 71
123 578
493 756
506 756
123 493
694 123
789 123
506 694
400 789
768 400
905 506
278 506
768 905
808 768
275 768
278 808
105 278
603 278
275 105
800 275
901 275
603 800
655 555
901 655
46 603
910 603
471 901
368 901
910 471
973 910
225 910
69 973
368 69
174 368
416 368
225 174
179 416
52 225
176 225
179 52
788 179
583 179
317 788
176 317
460 583
33 176
457 176
959 33
460 959
157 460
473 460
457 157
96 473
152 457
331 457
96 152
447 96
871 96
726 447
820 726
331 820
595 46
659 595
535 659
871 535
