993 995
975 932
256 253
341 209
789 107
199 99
115 576
474 843
83 789
677 940
564 819
639 301
492 325
765 208
728 914
318 542
429 268
462 545
919 736
568 904
730 111
522 384
302 849
659 951
118 137
724 674
94 989
705 663
102 777
157 707
882 148
620 516
878 165
624 846
842 45
259 289
165 888
550 665
485 977
231 937
535 46
938 20
737 636
14 859
925 791
186 483
812 149
891 59
104 928
990 457
298 899
834 788
889 241
81 405
934 604
360 242
579 923
631 27
720 174
929 451
82 747
199 944
1 129
608 754
224 38
363 917
474 144
252 44
541 716
455 915
686 530
627 982
986 793
532 509
469 773
581 381
902 748
536 527
750 706
263 321
81 276
979 567
123 134
901 639
211 795
195 499
681 816
395 109
700 609
873 50
954 549
821 458
54 174
669 638
52 340
626 678
762 103
582 729
332 831
938 534
761 502
905 257
410 660
774 453
960 464
511 966
150 814
591 847
584 195
551 784
323 689
442 155
380 189
369 763
470 814
367 113
357 687
41 528
881 448
486 198
475 182
179 656
33 682
733 401
243 712
748 236
3 619
260 718
510 311
358 607
9 546
187 470
258 596
851 517
516 780
598 591
170 735
31 651
423 265
136 885
232 177
352 202
543 722
390 533
26 819
392 352
723 959
301 479
414 403
42 435
413 446
36 679
762 892
496 55
30 259
144 786
100 449
273 305
753 867
945 444
927 679
417 626
215 988
231 377
645 700
619 139
387 334
463 488
879 108
178 501
397 398
972 398
168 877
56 543
757 616
26 244
563 241
755 161
658 693
889 308
924 151
960 285
267 465
420 649
810 991
768 842
577 102
575 432
787 538
664 439
976 540
270 105
739 411
633 571
656 453
556 297
277 768
354 408
587 380
890 93
782 242
218 198
145 246
351 993
344 644
186 719
845 728
60 734
547 47
330 356
634 729
746 161
825 337
97 436
416 214
783 859
937 111
674 566
569 765
952 314
146 530
54 989
704 86
833 521
518 498
757 835
70 556
615 794
576 900
738 131
135 818
525 583
599 496
654 21
852 673
152 697
467 610
946 573
434 557
349 813
710 810
866 461
52 414
175 971
991 388
410 666
315 617
270 40
828 562
209 374
374 791
319 286
823 690
368 313
832 62
815 460
1 440
423 133
424 262
389 985
942 839
561 194
224 914
413 701
546 362
613 180
490 251
811 17
590 406
711 271
41 23
730 865
280 106
288 110
225 489
511 961
127 460
351 623
386 192
606 72
223 653
451 743
251 93
908 328
801 459
769 837
338 77
21 631
350 607
101 574
708 513
6 702
123 443
189 907
916 49
919 792
412 83
579 923
962 596
911 51
917 299
113 169
531 983
734 140
185 848
874 160
681 524
150 807
452 98
29 216
816 913
299 539
340 360
771 387
653 855
222 986
445 525
563 91
932 770
799 172
560 372
406 893
837 776
42 622
699 104
941 306
463 66
963 135
43 750
930 307
481 939
346 892
495 921
866 472
655 378
950 759
390 930
778 11
70 207
182 871
964 68
479 992
468 213
784 874
0 0
774 948
586 264
843 787
600 229
902 785
274 931
407 958
114 830
207 307
75 981
335 107
434 520
760 635
497 642
466 724
16 95
529 759
879 904
797 227
646 606
809 141
147 528
667 338
455 396
726 957
49 572
682 941
910 695
935 720
245 173
658 263
62 28
282 468
636 717
18 984
709 850
178 438
286 529
368 327
572 721
535 353
112 432
0 0
382 162
143 31
361 747
503 962
96 569
129 64
749 411
447 194
514 266
605 621
142 364
10 751
494 88
601 872
778 204
510 969
359 147
247 127
704 44
124 967
527 952
293 115
574 860
272 275
404 854
213 487
772 798
258 752
308 616
671 870
675 164
785 183
454 933
400 252
9 593
857 196
970 575
211 839
58 12
140 597
680 614
657 156
382 39
443 431
229 863
554 667
36 429
903 777
936 370
610 512
633 473
602 239
560 225
203 188
524 871
882 832
583 12
659 951
206 264
238 339
741 320
974 803
200 63
117 385
824 71
101 972
526 300
158 693
326 732
273 846
526 278
722 609
154 477
744 318
864 949
764 323
210 166
461 808
931 696
43 687
466 19
248 7
641 332
456 396
476 953
103 305
625 869
430 402
445 205
132 399
246 519
363 230
430 167
249 692
741 715
15 523
804 179
205 779
800 250
336 375
255 407
553 958
964 134
106 272
922 976
733 504
969 298
918 726
885 65
943 20
817 159
428 215
956 158
625 761
580 438
521 883
880 359
857 99
422 504
85 105
440 884
24 588
163 773
767 122
157 120
947 860
872 95
57 968
982 652
968 493
669 696
369 169
665 557
613 671
234 483
740 312
478 79
691 376
692 328
532 649
869 840
370 698
74 137
541 32
662 16
754 547
292 891
506 906
603 439
333 501
861 612
66 502
76 287
713 725
399 856
331 603
108 277
297 635
518 303
927 22
59 621
409 520
702 454
542 295
978 699
503 365
644 275
294 64
30 289
856 89
2 237
366 67
314 415
122 116
657 153
303 212
184 61
76 243
342 911
163 615
449 553
552 56
475 822
727 577
586 400
945 302
324 907
444 202
878 285
325 495
401 798
488 200
827 371
797 770
114 539
477 279
630 632
745 505
992 901
185 15
268 427
944 4
670 482
48 629
515 367
300 661
92 538
676 812
640 973
990 5
491 316
736 890
673 833
375 128
248 133
875 966
873 69
216 769
153 723
799 670
421 472
492 731
53 491
948 900
71 870
471 617
233 426
428 689
758 841
126 384
864 469
806 550
817 431
321 356
8 645
170 14
618 97
652 772
23 162
489 680
349 425
887 805
825 366
330 50
801 274
358 206
858 167
898 840
337 317
391 551
261 341
709 578
257 534
756 683
128 418
827 614
418 232
894 316
926 433
254 55
642 850
844 876
598 348
141 690
662 166
46 756
379 117
80 294
13 306
266 920
813 480
906 676
433 254
897 868
701 320
698 567
116 800
895 955
25 405
187 490
570 304
138 677
284 924
282 193
39 13
373 392
888 348
537 549
918 467
706 993
562 943
565 507
239 647
394 953
188 884
208 775
278 650
605 327
219 522
484 420
452 35
697 173
929 86
60 977
212 244
668 53
422 197
176 790
281 10
886 921
96 227
893 760
235 118
343 815
985 634
668 829
844 838
436 350
514 578
737 287
925 412
126 310
347 971
87 883
48 767
79 536
820 940
51 585
559 909
858 981
364 928
262 776
171 344
500 75
181 498
558 505
485 544
487 739
217 238
196 519
581 447
90 594
247 441
377 783
125 540
221 156
688 955
899 373
260 594
322 903
409 172
35 654
296 646
811 548
808 24
168 372
637 234
630 324
912 437
829 74
735 159
544 597
397 589
647 641
381 548
805 353
975 745
795 304
627 203
678 152
481 393
18 753
959 462
77 235
391 742
987 6
880 90
335 276
718 7
280 845
291 494
130 721
73 717
775 379
573 94
663 435
342 309
3 588
818 831
190 464
176 828
146 336
865 68
228 648
980 119
253 881
446 779
703 334
793 343
712 73
91 279
88 197
876 329
261 612
714 533
851 552
11 910
388 655
310 219
746 249
987 766
694 738
875 508
988 345
417 916
806 664
378 416
164 312
672 861
478 271
386 961
290 236
230 935
65 595
580 555
763 67
685 345
802 725
913 585
683 595
84 570
555 333
346 217
331 705
476 394
666 660
852 782
587 571
742 515
288 376
974 220
37 963
355 458
830 909
936 751
950 389
309 820
867 537
296 640
480 425
283 130
558 441
637 355
719 98
427 313
256 965
554 643
643 32
191 592
183 946
408 780
357 716
204 497
566 191
632 267
648 383
939 934
611 790
593 629
119 933
608 69
979 771
623 894
120 694
201 393
442 284
100 317
926 269
151 661
599 590
371 877
484 970
28 954
506 339
826 912
281 5
37 403
984 148
138 822
160 255
45 826
125 809
732 29
210 802
836 184
121 233
347 142
584 807
804 886
437 672
78 19
132 92
240 838
486 531
863 978
473 499
326 424
743 896
315 121
602 87
222 781
965 404
482 180
80 508
967 713
601 124
920 980
291 192
568 628
171 38
34 715
58 61
456 149
365 897
600 175
744 265
139 421
181 415
764 136
695 848
290 559
983 218
582 448
361 849
419 177
796 922
781 385
155 650
89 620
942 855
465 740
329 193
796 703
684 688
201 72
708 727
836 853
34 853
245 283
564 847
143 908
513 402
561 17
957 604
841 322
752 383
426 237
226 949
362 947
78 973
84 710
592 512
686 419
190 711
545 131
707 221
714 57
956 565
145 4
766 523
500 8
154 624
905 250
450 292
823 691
854 319
293 731
803 395
507 834
27 821
109 220
112 509
223 214
675 792
311 755
915 835
611 589
354 786
40 85
517 758
618 896
788 47
749 240
33 295
898 63
685 684
471 2
22 862
794 226
110 457
638 459
868 228
887 895
269 493
450 862
651 82
824 622
628 25
