952 954
366 493
470 220
791 61
893 353
409 10
566 904
243 269
238 737
935 179
456 61
754 174
781 446
80 525
556 586
291 584
547 723
671 253
764 428
147 935
790 231
404 292
710 73
176 508
476 224
794 616
668 732
213 317
504 146
345 183
208 83
507 705
763 185
601 499
304 378
609 427
476 610
522 156
894 629
298 176
669 90
420 401
157 174
531 6
495 816
268 396
942 55
583 266
526 94
59 372
334 659
293 122
520 344
278 545
21 363
579 296
885 951
9 277
713 438
788 652
101 791
345 285
787 443
659 489
439 93
451 567
342 350
890 358
327 688
365 22
853 858
131 278
355 620
20 639
816 561
474 229
621 1
58 875
63 951
716 943
849 532
210 366
531 309
202 775
119 49
244 813
545 255
752 952
876 719
606 701
678 544
265 516
857 300
596 145
568 537
369 119
777 760
234 752
560 339
932 97
827 539
538 98
109 924
205 500
194 741
485 437
64 182
224 72
614 824
657 491
280 945
325 865
780 309
357 5
824 903
371 324
416 477
650 874
740 651
165 250
792 435
682 787
302 724
334 530
3 776
497 62
691 91
191 186
506 218
641 879
340 925
811 859
122 104
889 39
552 723
351 578
564 707
322 132
386 302
839 757
595 203
8 398
680 575
321 494
436 216
884 640
208 949
168 15
637 433
667 111
114 605
120 81
281 536
245 156
171 102
125 178
272 77
19 364
912 181
258 946
520 714
379 880
699 195
657 367
873 750
135 24
349 82
170 30
803 151
440 448
916 190
194 416
690 465
393 359
121 28
213 418
807 110
695 464
325 538
34 161
479 144
164 448
609 251
43 891
459 783
693 593
927 162
186 262
443 449
725 713
434 514
314 51
614 798
704 749
826 322
438 7
271 481
571 835
79 106
429 492
826 804
43 847
159 389
847 335
129 871
392 346
806 397
221 2
33 113
197 164
14 219
482 765
274 58
414 634
375 260
379 588
587 153
572 140
731 674
600 421
410 297
788 930
299 0
638 310
218 945
569 688
394 926
69 231
570 532
686 785
385 934
37 831
833 694
391 430
445 413
719 142
299 533
452 412
502 819
324 368
873 35
924 454
158 584
256 0
573 91
395 407
542 743
486 735
466 270
177 163
337 67
439 269
665 745
286 359
812 874
850 639
297 184
934 229
338 933
936 506
607 226
589 259
333 98
402 849
698 841
602 685
842 81
898 26
529 258
341 761
746 509
306 78
663 822
293 185
40 607
417 155
384 673
832 62
742 397
877 759
408 473
201 938
145 100
894 484
1 684
561 646
517 226
811 152
408 124
183 814
92 200
18 48
701 810
451 137
31 38
513 489
675 630
211 703
915 395
162 546
79 591
863 786
100 582
541 733
453 99
66 153
54 549
636 742
89 419
831 87
542 897
662 263
142 613
763 653
239 666
834 722
712 373
352 820
922 27
118 651
605 647
618 704
152 377
82 789
459 911
803 344
670 947
290 914
864 368
105 211
773 921
193 125
463 669
568 571
232 596
487 47
351 84
524 413
907 210
143 323
307 200
279 696
50 919
612 703
276 580
481 692
736 274
217 744
806 233
599 942
172 586
871 431
886 6
624 135
87 421
716 311
206 687
360 23
511 236
60 885
319 828
505 789
902 260
705 917
643 906
790 56
370 12
326 383
879 581
46 887
675 136
270 169
919 918
649 852
466 574
2 463
574 689
677 346
501 139
65 220
504 403
546 477
124 883
578 896
830 442
519 728
286 670
189 637
801 222
690 691
510 748
648 433
315 385
540 617
494 63
480 35
159 115
357 422
906 426
225 513
829 468
160 4
944 762
148 563
227 248
862 510
528 326
68 572
204 887
808 339
641 367
622 37
508 449
202 75
496 36
780 71
656 496
812 361
947 548
932 591
310 503
672 949
944 276
839 837
420 880
635 588
920 921
348 848
785 685
388 419
923 356
316 877
256 882
7 123
493 262
891 475
450 644
611 643
720 331
292 774
869 255
461 170
635 10
931 387
695 629
521 543
855 478
241 623
840 436
320 268
99 509
604 387
271 709
364 380
929 558
128 744
681 16
165 525
184 77
384 49
305 876
522 501
655 294
583 860
342 212
776 677
127 868
895 225
33 929
736 820
725 819
146 777
653 491
817 711
683 774
603 289
665 129
712 147
3 681
930 424
382 240
74 928
311 75
854 167
428 899
732 303
484 235
376 663
107 130
478 923
567 884
741 188
687 598
445 815
684 350
308 913
823 664
59 784
714 457
169 771
794 389
895 252
622 386
472 53
859 88
570 640
560 362
343 753
454 180
872 735
388 396
76 133
193 41
495 835
312 20
592 243
455 332
140 905
861 347
914 11
632 636
117 173
656 739
214 467
223 645
595 645
376 730
617 920
272 72
390 412
540 336
706 738
797 298
747 770
755 519
671 558
426 534
900 628
749 909
246 507
108 354
600 402
497 442
717 646
390 559
775 634
845 552
207 729
315 852
216 676
916 759
287 300
121 550
217 718
254 417
805 606
215 48
393 548
427 700
667 261
305 349
757 940
856 881
447 535
630 517
143 138
148 179
150 936
565 24
864 585
424 158
756 903
475 244
838 697
863 313
892 377
498 673
516 616
86 549
25 828
610 223
550 479
793 206
499 70
221 809
889 866
627 754
915 910
767 27
9 365
441 474
380 67
490 700
198 247
22 149
937 317
557 151
290 319
750 399
394 809
333 515
44 692
301 343
251 888
85 403
743 444
381 209
483 460
658 527
458 642
410 267
472 247
405 556
762 898
948 275
203 521
330 423
23 108
810 95
766 756
928 341
577 523
230 332
758 338
860 800
832 830
138 840
878 912
191 0
328 755
927 512
555 173
209 702
242 434
878 825
644 585
404 57
781 933
841 908
922 74
406 39
728 373
331 649
837 5
817 786
626 57
782 530
682 821
666 658
228 676
42 738
564 234
425 308
772 618
111 437
613 205
418 358
814 737
660 624
97 541
370 462
470 769
594 577
937 281
539 845
383 528
751 26
279 118
265 411
925 123
94 861
25 190
857 423
627 554
246 232
547 263
482 101
282 230
453 938
471 693
239 597
242 655
726 86
654 626
908 44
686 799
283 632
941 89
127 80
611 881
910 612
166 768
13 652
103 485
277 149
105 38
287 907
747 195
52 352
197 952
668 399
136 198
283 868
764 154
770 633
69 457
70 661
314 834
321 155
599 660
855 813
856 948
939 740
807 110
450 96
116 4
144 798
90 926
318 793
264 259
918 284
161 761
401 822
13 758
514 54
441 778
36 518
196 608
45 19
797 503
619 598
709 500
836 529
648 32
940 327
587 823
592 492
21 175
114 42
727 647
249 288
566 329
518 414
815 296
288 0
562 66
575 771
102 511
515 708
533 772
415 654
103 362
254 800
219 796
748 257
909 836
882 398
241 696
47 335
141 316
189 356
899 801
946 844
778 865
372 233
157 853
526 30
405 555
134 381
901 117
222 128
76 238
721 301
724 137
603 931
8 886
180 597
18 534
593 939
838 941
608 869
896 392
581 715
678 784
273 717
827 846
337 631
34 139
307 875
422 458
950 779
904 760
746 96
291 562
336 312
112 71
446 664
850 773
248 854
382 240
862 201
29 779
698 505
715 721
11 733
615 227
883 628
411 192
245 429
304 679
662 679
409 642
237 17
559 745
551 557
289 264
456 718
818 29
805 604
580 282
848 50
638 680
199 120
28 866
60 625
471 623
535 870
295 842
893 214
799 378
843 374
565 553
435 196
95 650
900 160
782 726
340 204
808 897
469 729
858 126
163 115
154 795
360 768
590 710
818 45
215 902
73 235
78 252
708 166
694 619
469 576
374 130
911 711
765 795
306 294
199 17
730 569
867 187
905 753
551 56
796 295
51 320
177 88
731 625
12 41
104 68
488 543
31 707
425 620
375 400
461 131
363 702
113 64
46 462
284 253
792 182
93 767
150 280
699 851
582 621
266 674
369 273
406 950
590 464
661 32
631 870
536 460
440 407
734 706
851 890
303 40
483 236
576 207
178 502
16 318
188 512
825 872
126 432
683 867
112 330
212 917
498 83
527 783
415 563
237 175
134 943
524 465
488 267
116 275
168 257
14 739
313 109
361 589
323 672
844 249
132 55
802 455
615 843
181 486
821 689
697 722
92 751
329 85
447 766
734 106
347 348
228 537
913 250
400 473
192 452
107 467
328 187
846 602
391 371
84 833
727 141
133 285
444 172
15 430
544 355
829 65
171 633
553 804
769 354
802 52
432 554
468 720
573 579
480 53
601 487
594 523
888 490
353 167
892 431
901 261
