1194
740 744
914 740
762 914
159 762
268 159
732 268
755 732
538 755
193 538
321 193
653 321
749 653
236 749
236 222
187 236
434 236
127 187
628 127
1 434
81 1
338 81
696 338
551 628
92 628
696 551
672 696
616 696
92 672
899 616
795 92
415 92
899 795
112 899
82 899
415 112
43 415
352 415
82 43
775 352
141 82
756 82
775 141
432 756
432 243
367 432
406 367
665 406
665 432
110 665
224 665
128 224
259 128
567 259
877 110
567 877
247 567
509 567
896 509
634 896
918 247
158 918
627 158
634 627
594 634
694 634
57 694
69 594
589 69
57 589
176 57
713 57
713 176
480 713
799 713
799 480
547 775
838 775
892 547
850 892
838 850
621 799
950 799
662 621
950 662
592 838
558 838
35 558
951 592
603 951
182 603
35 182
330 35
426 35
527 426
393 527
73 950
255 950
514 73
794 514
530 794
393 530
797 330
255 797
125 255
277 255
384 393
542 393
625 384
277 625
542 125
173 277
253 277
418 542
557 542
326 418
386 326
253 386
557 173
226 253
717 253
40 717
332 40
375 332
207 375
584 557
599 557
207 584
599 226
61 207
936 207
511 936
8 599
657 599
771 8
511 771
289 657
29 289
29 61
205 29
377 29
465 377
124 465
492 511
730 511
356 492
582 356
718 582
894 718
456 894
478 456
124 478
849 730
232 849
934 232
336 934
781 205
383 781
135 383
336 135
604 124
380 124
96 336
791 336
471 96
28 471
380 28
6 791
922 604
741 922
6 741
116 6
381 6
299 381
186 299
630 380
895 380
186 630
491 895
104 491
171 116
104 171
900 104
363 104
31 363
539 31
494 186
66 186
284 494
76 284
879 76
302 879
282 302
93 282
334 93
674 334
539 674
464 900
66 464
945 66
673 66
11 539
42 539
586 11
673 586
897 945
839 897
70 839
765 70
42 765
341 42
757 42
447 673
825 673
757 447
118 757
319 757
712 118
778 712
185 778
679 185
825 679
667 319
667 341
429 667
308 667
687 308
779 687
920 825
315 825
573 920
779 573
707 315
45 779
510 779
449 45
861 449
191 861
707 191
510 429
345 510
601 510
684 601
638 684
264 638
361 707
323 707
802 361
264 802
166 323
560 166
103 264
731 264
655 103
312 655
235 312
88 235
460 88
560 460
452 731
196 345
452 196
883 452
177 452
444 560
38 560
177 444
486 177
846 177
283 486
38 283
22 846
843 22
843 883
261 38
719 38
815 719
475 815
443 843
451 843
774 443
475 774
818 451
117 475
254 475
833 117
618 833
292 618
89 292
555 89
818 555
912 261
417 912
254 417
488 254
851 254
830 851
917 830
483 818
952 818
798 483
404 798
805 404
917 805
4 952
523 917
930 917
828 523
4 828
930 488
942 4
200 4
915 930
46 930
137 915
194 137
200 194
349 46
165 200
568 200
353 165
658 353
709 658
349 709
831 942
568 831
55 349
743 349
493 743
234 568
337 568
493 234
906 493
172 493
337 906
126 337
244 337
389 126
172 389
947 55
244 947
228 172
80 172
263 80
541 263
219 244
354 244
541 219
309 354
231 309
411 231
773 541
293 541
122 773
138 122
502 138
411 502
145 411
505 411
490 145
65 490
293 65
505 228
420 293
729 293
412 505
188 505
23 412
39 23
532 39
729 532
62 188
121 62
919 729
376 729
647 919
121 647
374 376
499 121
746 121
371 499
248 371
374 248
142 746
821 142
223 420
821 223
3 374
10 374
816 821
553 821
10 816
347 10
455 10
553 347
770 455
388 770
761 388
484 761
18 484
841 553
853 553
703 841
18 703
211 853
60 3
676 60
211 676
273 18
32 18
472 211
109 211
313 472
32 313
163 32
410 32
109 163
507 109
858 109
602 507
772 602
803 772
782 803
368 782
129 368
410 129
517 858
217 517
407 217
865 407
132 865
51 132
51 273
776 51
680 51
902 410
184 410
608 902
648 608
314 648
680 314
852 680
473 680
324 852
184 324
644 184
301 184
473 644
508 776
241 508
102 241
911 102
574 911
301 574
646 301
123 301
63 473
295 473
50 63
123 50
399 295
467 399
501 123
847 123
467 501
271 847
854 467
462 467
271 854
681 462
306 271
578 271
724 306
190 724
633 190
681 633
682 578
835 682
835 646
503 681
948 681
395 835
240 835
948 395
598 948
700 948
164 598
240 164
260 240
286 240
274 260
890 274
485 890
26 485
700 26
564 286
296 564
593 700
611 700
701 593
370 701
296 370
611 503
267 296
666 296
921 666
290 611
340 611
921 290
788 921
77 921
340 788
212 77
346 212
469 340
317 340
346 469
698 317
944 698
516 346
622 346
916 516
944 916
677 622
819 677
344 819
422 344
613 267
402 613
422 402
227 422
20 422
365 944
859 944
20 365
596 20
168 20
814 596
859 814
325 859
52 859
168 325
498 168
705 168
160 498
52 160
705 227
430 52
760 52
148 705
391 705
387 148
760 387
733 760
884 760
391 733
706 884
583 706
33 583
758 391
203 391
335 758
949 335
33 949
201 203
85 33
710 33
572 85
435 572
183 435
201 183
489 430
446 489
710 446
637 201
258 201
623 258
723 623
692 710
59 710
723 692
242 723
15 723
570 242
479 570
221 479
59 221
305 59
216 59
745 305
793 745
15 793
496 15
796 15
735 496
216 735
12 796
12 637
311 12
675 12
16 216
134 216
675 16
546 134
664 546
100 664
265 675
428 675
932 265
785 932
100 785
229 428
829 100
34 100
685 829
229 685
809 229
810 229
34 809
810 311
218 34
880 34
47 880
624 810
752 810
463 624
47 463
275 47
708 47
554 275
752 554
78 752
56 752
394 78
143 394
708 143
359 56
824 708
863 708
359 824
863 218
660 359
873 359
369 863
408 863
873 369
836 408
669 873
433 873
130 669
836 130
195 433
58 195
189 58
470 836
238 836
189 470
893 238
155 893
331 155
512 189
864 189
331 512
366 864
366 660
907 331
610 331
458 366
156 366
256 458
220 256
610 220
528 610
107 610
156 528
24 107
524 156
525 156
580 524
36 580
24 36
445 24
866 24
615 445
140 615
525 140
866 907
440 525
86 525
53 86
71 53
870 71
167 866
766 866
441 167
870 441
874 870
17 870
720 874
372 720
342 372
820 342
427 820
925 427
518 925
670 518
48 670
766 48
535 766
454 766
17 535
468 454
106 17
875 17
872 106
208 872
468 208
780 440
727 780
832 727
120 832
875 120
403 468
903 468
645 875
636 875
683 645
750 683
903 750
439 903
474 903
21 439
636 21
857 636
931 636
898 857
474 898
641 474
316 474
385 641
534 385
629 534
931 629
9 931
566 931
19 9
477 19
316 477
566 403
181 316
169 316
887 566
245 566
169 887
298 245
343 169
297 169
690 343
587 690
298 587
329 297
695 298
294 298
329 695
867 329
136 329
294 867
87 294
699 294
97 87
651 97
136 651
209 181
699 209
7 136
251 136
588 699
318 699
876 588
64 876
251 64
269 251
721 251
620 269
481 620
639 481
318 639
179 721
787 318
378 318
179 787
461 378
37 179
153 179
461 37
199 461
736 461
808 199
153 808
515 7
736 515
607 153
886 153
152 886
663 152
595 736
27 736
663 595
656 663
67 663
175 656
27 175
889 67
878 889
162 27
697 27
878 162
704 878
941 878
533 704
697 533
358 697
891 697
747 358
154 747
941 154
891 607
119 891
927 891
495 927
652 495
868 941
72 941
652 868
939 72
90 939
783 652
497 652
90 783
764 90
348 90
49 764
497 49
206 497
278 497
348 206
307 278
520 307
686 520
702 348
466 348
686 702
13 686
457 686
688 13
466 688
457 119
14 457
350 457
937 350
605 937
246 605
310 466
837 466
246 310
409 246
98 246
837 409
506 837
751 837
98 506
105 98
654 98
693 105
751 693
149 654
559 751
954 751
149 559
521 149
631 149
769 521
954 769
767 631
612 14
767 612
270 767
450 767
304 450
678 954
281 954
304 678
800 281
754 304
909 304
390 754
405 390
800 405
938 800
233 800
147 938
909 147
239 909
328 909
115 239
933 115
233 933
569 233
635 233
328 569
436 635
714 328
792 328
436 714
792 270
5 436
442 436
425 792
215 792
442 425
161 442
424 442
215 161
722 215
272 215
41 722
424 41
487 272
225 424
68 424
856 225
526 856
487 526
734 68
561 734
139 561
643 487
113 487
423 643
139 423
609 139
811 139
789 609
397 789
113 397
811 5
540 113
943 113
661 943
2 811
379 811
661 2
940 379
373 661
548 661
642 373
438 642
946 438
400 946
940 400
257 940
75 940
230 257
392 230
548 392
590 75
763 548
111 548
725 763
590 725
101 590
262 590
178 101
111 178
691 111
842 111
848 691
748 848
600 748
262 600
617 540
357 617
842 357
250 262
591 262
453 591
157 453
728 157
844 728
801 842
790 842
817 801
844 817
882 790
640 844
133 844
882 640
585 882
823 882
133 585
174 823
716 133
192 133
180 716
581 180
552 581
174 552
114 174
571 174
108 114
192 108
619 571
923 619
826 192
885 192
563 826
923 563
786 885
786 250
549 786
649 786
926 923
94 923
649 926
197 649
513 649
333 197
94 333
285 94
543 94
74 285
44 74
513 44
784 543
881 784
84 513
459 513
95 84
881 95
276 881
576 881
459 276
901 459
30 459
576 901
146 576
421 576
30 146
913 421
339 913
144 549
448 144
626 448
565 626
339 565
413 30
482 30
355 482
79 339
905 339
355 79
632 355
871 355
606 632
768 606
905 768
54 871
737 905
904 905
54 737
812 54
855 54
904 812
151 904
266 904
822 151
855 822
827 266
860 827
753 860
210 753
910 855
522 855
210 910
213 210
545 210
742 213
726 742
414 726
416 414
522 416
83 545
83 413
360 83
579 83
671 522
170 522
579 671
550 579
279 579
170 550
431 279
759 431
935 759
739 170
320 170
935 739
150 320
650 935
531 935
738 650
150 738
888 531
924 150
198 150
888 924
300 888
419 888
198 300
303 198
804 198
659 303
99 659
419 99
519 804
327 519
597 360
327 597
928 327
280 327
806 419
537 419
382 806
288 382
280 288
401 280
715 280
834 401
537 834
908 537
614 537
715 908
711 614
562 715
689 715
711 562
536 711
777 711
398 536
364 398
437 364
689 437
291 689
556 689
777 291
362 777
214 777
845 362
556 845
869 928
214 869
575 214
322 214
287 322
504 556
862 556
131 504
287 131
840 287
396 287
249 840
862 249
202 862
500 862
396 202
25 396
577 396
500 25
91 577
237 500
529 500
929 237
807 929
668 807
91 668
813 91
252 91
544 813
529 544
351 529
953 529
204 351
476 204
252 476
953 575
