912
77 2
183 35
183 937
90 195
403 90
566 403
566 539
202 124
202 343
218 131
938 218
481 698
938 481
271 243
15 274
15 256
68 286
68 450
314 59
314 777
322 252
22 330
883 22
659 830
592 659
883 592
345 246
87 352
87 953
355 167
355 100
164 357
164 549
372 137
219 372
219 603
339 377
339 623
36 397
36 641
416 356
440 189
445 280
445 671
449 120
449 110
488 257
488 645
522 401
522 364
557 461
559 374
379 560
379 721
576 178
578 338
579 387
579 423
304 583
313 304
182 313
44 182
874 44
799 874
799 669
459 591
459 856
600 278
649 317
649 772
653 266
50 653
292 465
50 292
668 316
325 668
325 91
672 12
675 582
677 45
678 193
680 302
683 490
676 686
65 853
676 65
697 8
699 169
710 208
712 569
346 716
308 346
190 285
308 190
439 719
439 709
688 726
942 688
942 221
757 60
757 962
177 762
177 969
773 477
779 546
654 780
593 654
878 593
94 333
563 94
878 563
785 389
785 297
786 76
786 765
787 511
31 787
615 931
31 615
495 810
176 495
176 228
815 185
816 223
817 29
829 197
829 11
580 833
261 580
261 95
424 842
904 424
929 904
170 929
96 170
72 48
96 72
849 267
62 849
163 62
370 163
276 370
789 140
276 789
854 482
613 467
117 613
854 117
104 858
767 104
767 745
865 837
870 570
234 311
870 234
418 871
749 418
541 749
9 354
541 9
881 154
881 367
887 471
887 524
901 836
913 67
567 919
284 567
284 573
595 920
679 595
227 480
679 227
928 264
943 118
309 943
287 309
138 287
13 138
797 885
148 797
13 148
956 371
113 957
903 113
694 903
172 694
884 626
172 884
963 526
963 429
144 965
119 144
119 116
553 968
395 483
553 395
85 4
210 4
796 85
210 291
109 13
232 13
150 109
123 902
201 123
232 201
334 15
446 15
900 334
41 446
41 714
101 31
470 31
769 101
469 769
844 469
1 844
470 882
386 1
491 1
239 386
198 491
198 718
25 36
502 36
39 25
911 39
64 258
305 64
502 305
83 41
590 41
320 83
590 422
92 50
594 50
804 92
594 217
58 66
630 66
664 58
630 492
259 68
637 68
784 259
618 784
915 618
879 915
637 222
552 77
639 77
782 552
639 40
666 253
453 666
80 453
141 84
30 84
390 141
80 390
631 30
631 134
335 80
684 80
344 335
378 472
684 378
564 685
596 564
409 87
111 87
596 409
233 111
945 233
945 859
414 96
691 96
822 414
930 691
930 498
534 107
707 107
577 534
130 707
130 152
604 119
722 119
86 604
722 834
269 86
736 86
556 269
736 171
473 122
739 122
365 473
739 443
200 128
740 128
733 200
212 740
212 720
279 130
741 130
312 279
741 873
585 143
747 143
828 585
359 828
587 359
747 382
768 360
353 768
73 150
644 150
353 73
319 795
644 319
430 151
771 151
933 430
384 771
114 47
384 114
366 157
790 157
146 366
790 452
670 146
802 146
179 670
248 802
342 248
944 342
944 49
544 160
812 160
926 544
812 281
81 164
814 164
26 81
814 759
17 793
662 17
744 26
841 26
399 744
205 399
662 205
620 841
620 315
216 172
852 172
421 216
457 421
629 852
629 572
746 176
855 176
896 746
250 896
958 250
412 611
614 412
855 614
454 177
868 177
135 454
868 656
512 135
872 135
192 512
872 125
385 690
609 179
895 179
385 609
895 509
821 183
899 183
890 821
899 238
607 934
112 192
184 192
607 112
184 650
687 184
939 184
728 687
428 53
93 428
127 93
640 127
939 640
947 632
940 198
21 198
947 940
21 888
413 21
948 21
568 413
204 723
948 204
525 952
363 202
463 202
525 363
168 37
463 168
954 16
475 210
927 210
584 475
310 584
801 310
158 801
633 158
954 633
692 927
486 231
692 486
753 349
764 753
845 212
973 212
764 845
921 510
973 921
149 219
251 219
743 149
898 743
711 251
376 711
651 232
71 232
376 651
71 519
493 249
420 71
917 71
493 420
211 917
643 239
383 239
211 643
729 383
850 729
406 850
406 869
381 211
494 211
474 381
159 474
742 494
106 159
932 159
742 106
932 133
448 415
298 448
388 245
536 245
663 388
298 663
225 536
515 225
260 261
270 261
115 260
515 115
270 438
33 935
652 270
608 270
392 652
33 392
126 33
543 33
75 126
951 75
923 951
608 923
543 230
839 271
82 271
20 839
813 20
23 276
551 276
207 23
520 207
82 520
551 892
224 82
589 82
558 224
529 589
161 284
848 284
529 161
848 209
628 46
351 298
774 298
14 351
432 14
628 432
565 303
136 303
774 565
550 727
329 550
136 329
237 136
301 136
407 237
840 407
737 301
462 737
460 462
214 308
638 308
380 214
964 380
272 964
460 272
638 487
701 447
255 312
61 312
681 255
701 681
847 61
561 847
332 561
695 332
825 314
972 314
695 825
972 396
417 706
268 318
732 318
417 268
540 320
571 320
437 540
732 437
375 571
375 876
776 322
846 322
441 776
778 441
247 778
244 247
241 247
693 244
484 693
846 484
175 43
241 175
468 241
851 241
735 468
843 323
689 323
851 843
88 265
689 88
791 864
331 325
619 325
791 331
464 328
533 328
619 464
755 533
755 391
290 339
875 339
347 290
206 875
499 344
966 344
627 499
206 627
803 262
811 803
294 811
734 294
966 734
307 894
946 307
705 206
456 206
277 705
946 277
156 345
394 345
456 156
451 213
394 451
682 347
905 347
139 682
612 139
273 612
562 273
798 273
905 562
798 724
916 63
55 353
142 353
3 55
818 3
289 818
105 289
805 105
916 805
826 355
410 355
142 826
410 254
226 142
955 142
199 226
665 955
754 199
321 199
665 754
321 400
959 434
574 959
605 321
624 321
405 605
574 405
599 362
398 362
601 599
624 601
327 606
398 327
70 516
348 365
970 365
435 348
70 435
436 70
288 70
970 436
288 425
102 647
215 288
971 288
165 215
102 165
646 102
54 102
597 646
108 597
971 108
54 56
306 501
57 54
770 54
306 57
132 306
634 306
770 132
419 375
909 375
634 419
909 838
547 341
188 376
950 376
547 188
655 379
299 379
950 655
661 384
889 384
717 661
299 717
889 673
808 299
763 299
761 808
42 763
455 385
667 385
42 455
52 42
581 42
936 52
667 936
485 581
19 485
19 537
648 5
373 19
350 19
648 373
602 394
750 394
350 602
34 350
912 350
750 34
282 912
908 282
527 908
358 532
527 358
521 398
708 398
99 521
393 99
820 99
708 393
766 406
155 406
820 766
531 155
518 38
531 518
760 410
361 410
500 760
229 500
18 229
404 229
361 18
513 361
730 361
696 513
404 696
730 369
756 479
32 404
792 404
756 32
162 411
180 411
792 162
6 416
496 416
700 6
173 700
180 173
496 586
897 702
181 180
922 180
548 181
283 548
827 283
897 827
444 417
598 417
922 444
240 598
863 426
466 426
240 863
89 466
89 575
98 835
617 89
949 89
98 617
145 949
703 145
153 703
960 153
174 960
907 174
295 98
621 98
907 295
191 621
7 191
752 7
103 240
775 240
891 103
752 891
642 775
642 809
340 431
918 431
263 340
857 263
427 263
831 857
751 831
918 751
731 427
674 731
293 674
69 439
725 439
293 69
610 725
807 293
24 293
503 807
588 503
196 588
610 196
24 554
924 657
622 24
121 24
924 622
867 440
242 440
326 867
121 326
368 242
715 121
97 121
368 715
220 97
402 220
10 368
28 368
203 10
402 203
296 860
28 296
336 28
806 28
51 336
476 51
514 51
806 476
508 402
961 402
514 508
738 445
713 445
961 738
507 449
660 449
442 507
819 442
713 819
74 660
489 194
74 489
794 74
337 74
748 794
79 456
523 456
504 79
538 504
337 538
186 337
324 337
523 186
877 457
555 457
862 877
324 862
832 555
880 324
236 324
636 880
832 636
78 458
886 458
300 78
433 300
235 433
236 235
861 886
658 861
275 147
658 275
967 236
27 236
545 967
408 459
925 459
27 408
788 27
478 27
925 788
941 478
625 460
129 460
906 625
800 906
941 800
823 463
187 463
129 823
505 129
166 129
187 505
166 497
