512 572
71 180
412 399
484 495
267 0
373 0
309 169
362 245
410 369
441 182
289 283
108 191
298 225
476 0
14 0
154 272
408 318
59 512
3 30
374 100
174 290
343 433
202 445
461 352
240 0
99 467
205 292
120 157
495 0
418 228
496 139
250 0
489 0
202 40
56 124
395 0
101 162
161 334
59 0
47 65
142 189
502 238
277 454
398 493
142 0
73 0
125 306
335 0
251 157
144 16
237 212
232 6
47 0
9 0
313 301
478 404
376 52
339 277
243 193
117 0
177 231
192 370
472 41
437 5
114 263
76 0
396 22
242 249
39 382
229 259
217 206
312 51
480 464
86 405
314 381
299 272
421 449
473 0
93 0
137 378
222 353
28 372
466 501
164 0
447 63
170 264
140 225
210 360
489 78
232 0
194 105
386 54
172 222
61 280
186 472
459 50
172 0
198 0
481 0
187 159
159 102
485 455
342 291
285 312
240 291
346 23
227 210
471 0
39 0
173 169
416 411
371 364
399 0
154 0
24 365
316 392
270 0
110 367
96 35
474 256
45 0
166 0
301 0
116 317
400 388
129 0
14 385
67 0
293 0
92 447
507 48
234 151
56 503
307 0
498 111
184 118
455 57
321 368
81 442
374 100
239 482
322 0
127 0
366 7
171 134
239 482
390 180
335 403
269 123
128 483
367 493
410 440
252 36
84 502
118 388
275 298
190 310
446 0
342 492
216 29
178 167
122 412
347 13
510 459
79 0
499 0
357 481
426 0
233 214
77 0
438 425
258 442
357 352
37 173
288 0
313 40
300 74
315 379
423 242
138 175
269 281
158 245
145 297
112 0
58 0
8 0
389 0
237 0
233 113
290 0
378 148
328 135
77 488
52 117
132 476
276 79
503 17
215 0
168 197
97 0
160 0
320 21
76 203
170 131
18 219
207 293
307 490
434 212
88 103
99 211
112 256
28 411
408 32
215 33
371 41
34 0
475 181
421 125
11 55
453 0
70 208
463 184
58 369
465 221
66 48
427 406
8 134
350 262
497 0
120 341
156 90
304 107
451 141
383 0
156 193
320 149
106 0
57 485
68 431
348 0
130 396
438 94
456 0
150 348
186 364
68 329
34 474
328 0
376 456
265 109
479 424
251 333
398 397
119 278
317 506
188 462
213 373
187 27
71 223
356 19
308 0
284 107
358 324
126 0
428 5
345 116
501 327
284 2
253 89
434 322
87 288
282 275
276 83
351 0
46 0
153 124
460 53
201 178
336 505
31 174
429 0
343 221
453 122
362 486
439 0
113 500
31 254
226 461
344 487
321 10
441 0
179 420
238 84
262 325
190 403
325 45
311 36
93 387
338 446
200 53
273 179
139 444
296 69
140 282
119 380
192 13
62 148
340 305
78 0
469 491
37 458
355 302
345 42
209 394
152 22
506 42
163 0
394 468
268 504
80 183
300 0
98 483
329 326
458 309
435 51
449 417
306 417
1 336
226 0
176 372
445 0
83 280
331 90
462 201
334 0
80 404
500 248
464 505
150 419
70 479
400 463
236 509
30 0
218 270
146 0
98 164
126 475
9 289
257 0
219 108
49 365
504 305
183 478
332 102
63 162
363 38
425 247
165 0
105 0
16 144
248 0
129 358
27 332
147 0
473 81
294 268
131 264
295 353
96 12
297 207
61 0
467 19
323 38
101 92
228 302
155 460
450 273
54 457
206 386
123 0
295 46
486 158
457 217
176 416
130 152
381 471
351 258
439 166
315 224
236 135
199 285
208 0
104 436
391 0
303 49
161 359
17 153
165 375
319 127
401 69
115 310
437 0
21 72
155 200
230 414
349 260
279 0
65 26
220 0
182 413
466 0
55 363
138 287
484 391
189 143
20 149
246 86
435 199
292 74
470 278
356 211
491 0
235 355
271 195
415 114
287 175
384 103
64 111
379 402
402 0
368 67
327 375
430 194
216 250
420 450
50 451
308 419
496 444
35 265
279 213
24 303
511 448
414 163
488 281
64 82
220 244
427 25
261 257
43 203
294 340
249 429
395 87
401 296
235 418
330 91
397 110
477 271
136 197
448 89
43 497
311 231
465 0
494 7
422 406
205 0
487 0
407 499
128 147
468 6
10 426
469 338
29 0
75 0
115 0
331 243
377 354
85 171
413 344
218 316
143 361
443 477
266 246
382 512
380 204
195 443
454 377
266 196
498 185
145 198
133 0
423 0
15 121
286 0
405 196
330 23
480 1
168 255
85 389
254 0
492 286
424 133
337 44
241 66
12 109
151 0
430 0
209 0
2 452
62 137
339 354
470 204
415 0
244 383
4 384
121 0
95 507
274 181
259 229
299 0
436 0
431 326
224 0
91 346
341 333
11 323
88 4
274 0
304 452
104 0
72 0
73 490
188 167
494 260
440 160
387 314
20 0
95 241
75 361
511 432
261 283
324 407
82 185
223 390
366 0
25 60
33 26
508 392
94 247
509 106
44 428
263 15
227 360
350 267
349 0
432 253
318 32
433 0
234 0
230 132
252 177
18 191
141 510
359 385
508 0
393 3
214 0
146 409
97 393
136 255
337 0
409 319
347 370
422 60
