1126
851 655
14 151
954 14
282 851
213 851
416 282
732 416
954 732
213 547
18 213
360 213
281 18
512 360
497 512
405 497
46 237
405 46
24 281
367 281
688 24
544 688
60 544
291 60
349 291
515 367
329 515
118 329
41 118
41 81
358 543
229 41
845 41
358 229
845 754
489 600
986 489
139 986
406 349
434 349
139 406
434 736
634 147
670 634
153 670
678 153
330 139
482 139
678 330
482 556
53 358
669 358
123 53
669 652
468 262
549 123
718 123
468 549
718 183
446 405
852 405
950 446
817 140
852 817
922 733
790 922
935 790
342 434
563 434
361 342
895 361
935 895
867 490
563 867
105 468
978 468
511 105
496 511
420 496
763 420
494 763
978 29
145 482
983 482
818 145
310 818
831 310
564 831
470 983
808 470
597 808
597 585
54 452
344 494
471 494
54 344
48 54
507 54
425 48
471 425
93 166
507 93
700 715
865 700
916 865
413 471
538 471
649 413
890 649
916 890
509 538
630 507
7 507
646 630
509 646
7 313
187 7
720 7
175 187
985 175
298 985
558 720
263 298
814 298
558 263
162 814
158 162
158 703
181 158
771 158
761 181
694 509
707 509
771 694
707 432
230 780
948 230
448 558
947 558
948 448
493 947
893 563
581 563
493 893
371 17
500 371
581 500
887 493
64 493
565 887
247 565
99 247
802 247
64 99
729 802
641 729
959 641
959 506
888 869
126 888
472 126
185 472
796 185
280 64
106 64
796 280
806 106
660 806
159 660
339 159
351 564
214 564
437 351
518 437
339 518
214 874
309 214
915 214
942 309
756 942
90 756
216 915
820 90
976 90
697 820
216 697
250 976
765 250
765 495
918 574
949 918
962 949
687 216
208 216
962 687
196 339
716 339
762 196
208 762
474 716
474 49
353 208
967 208
872 353
788 967
112 474
841 474
788 112
841 987
444 350
992 444
981 992
73 981
164 581
25 581
676 164
412 676
73 412
417 25
868 417
253 73
938 73
868 253
384 597
67 597
938 384
231 67
231 373
94 231
460 231
218 94
809 218
383 669
923 669
259 383
460 259
783 923
189 460
78 460
783 189
221 78
546 463
410 546
221 410
504 633
897 504
726 897
283 221
551 221
906 283
726 906
157 678
871 678
261 157
551 261
615 551
686 551
871 615
681 686
626 681
156 626
156 30
418 557
579 156
596 156
418 579
929 596
91 929
10 418
580 418
821 10
408 821
98 408
91 98
238 91
483 91
580 238
483 577
274 483
704 483
357 274
362 357
501 362
297 362
704 501
510 580
665 580
866 510
327 866
758 327
297 758
401 665
770 401
770 860
971 297
402 297
778 971
566 704
28 704
402 566
80 402
751 402
424 80
28 424
242 751
830 242
675 661
205 675
107 205
830 107
449 725
532 28
773 28
449 532
883 773
824 449
206 449
481 824
883 481
855 206
209 707
244 707
855 209
244 911
759 795
186 759
82 244
122 244
520 82
429 520
186 429
968 122
531 186
878 186
968 531
712 878
553 712
376 718
717 718
553 376
717 829
735 797
593 553
956 553
735 593
858 717
285 717
742 858
836 742
621 836
956 621
927 726
880 726
285 927
943 880
833 8
943 833
222 285
863 285
52 222
768 863
422 768
391 52
312 52
422 391
363 312
479 422
70 422
856 479
606 856
108 606
798 108
447 798
363 447
70 407
592 637
677 70
917 70
592 677
275 363
370 363
917 275
302 592
710 592
370 302
819 899
521 819
480 521
710 480
862 370
919 370
838 862
194 838
822 194
984 822
398 984
901 919
290 901
265 290
673 265
255 398
604 398
673 255
623 604
354 673
731 673
588 354
134 588
737 134
266 737
623 266
625 731
625 34
640 623
993 623
345 640
44 345
859 44
138 859
602 138
969 138
993 602
674 969
319 674
839 319
582 625
388 625
616 582
578 616
322 578
839 322
404 388
775 404
568 775
568 119
249 568
466 568
794 249
643 794
6 643
536 643
466 6
428 466
848 466
188 428
536 188
116 536
785 536
734 116
848 734
785 227
146 710
607 710
182 146
316 182
389 316
701 389
925 701
498 607
356 735
299 735
498 356
20 498
898 498
299 20
662 898
201 662
932 201
912 932
390 912
120 390
552 299
894 299
772 552
120 772
774 894
774 960
519 975
705 120
782 120
519 705
738 782
178 519
882 519
738 178
724 882
241 738
825 738
724 241
368 724
55 724
142 368
804 142
730 804
825 730
627 55
462 627
462 338
692 450
941 692
933 462
624 462
941 933
994 761
86 761
270 994
624 270
505 624
826 624
86 505
760 86
570 86
826 760
136 570
63 837
618 63
305 618
136 305
793 534
590 793
533 590
854 533
38 854
192 38
243 136
889 136
192 243
755 192
400 192
889 755
115 400
513 115
61 765
114 765
364 61
957 364
513 957
331 114
910 331
204 513
293 513
377 204
336 377
910 336
846 770
605 770
293 846
650 605
629 903
47 629
650 47
475 293
246 293
92 475
791 246
190 791
548 190
684 548
945 684
149 92
522 92
945 149
50 650
154 650
973 50
517 973
522 517
970 154
260 970
741 522
635 522
260 741
937 260
152 260
171 937
853 171
635 853
516 152
527 315
781 527
516 781
286 341
378 286
198 378
690 198
26 690
979 26
292 516
723 516
979 292
873 723
589 635
219 635
873 589
32 219
666 771
96 771
32 666
902 96
884 902
65 32
896 32
877 65
300 877
884 300
256 896
13 256
663 774
572 774
13 663
980 572
16 980
16 727
328 13
394 13
656 328
619 16
325 16
394 619
850 394
240 394
325 850
746 325
235 325
240 746
451 235
469 451
523 240
575 240
469 523
575 904
799 387
598 799
958 469
599 469
254 958
598 254
135 599
632 135
211 632
525 575
609 575
473 525
711 473
708 711
211 708
682 609
982 682
71 211
228 211
982 71
928 228
913 598
594 598
21 913
728 21
524 728
928 524
245 594
488 656
776 656
719 488
245 719
879 386
223 879
776 223
110 864
815 245
304 245
110 815
314 304
936 110
492 110
62 936
85 62
844 85
314 844
59 314
100 314
492 59
914 492
58 492
100 914
455 100
620 100
58 455
76 620
76 124
631 409
696 631
502 58
972 58
696 502
193 972
595 76
921 76
403 595
225 403
193 225
608 193
706 193
199 608
485 199
921 485
487 706
340 696
698 696
487 340
638 698
57 487
77 487
638 57
539 77
721 539
721 847
79 679
764 79
3 638
359 638
419 3
27 419
109 27
764 109
203 359
155 203
191 155
433 191
934 433
170 721
150 721
934 170
197 150
657 764
257 764
197 657
584 197
816 197
141 584
438 141
464 438
33 464
430 33
224 430
257 224
439 257
148 257
816 439
714 148
654 317
714 654
689 714
121 714
173 689
326 173
693 173
939 326
940 939
232 940
121 232
636 121
812 121
693 636
651 812
612 693
900 693
19 612
651 19
132 900
101 132
441 101
168 651
748 651
441 168
748 537
31 321
952 441
744 441
31 952
550 31
269 31
137 550
744 137
828 269
639 828
379 744
832 744
645 379
639 645
964 639
133 639
832 964
268 748
885 748
133 268
885 411
212 133
926 133
380 212
801 380
784 801
167 926
966 167
39 966
435 776
440 776
333 435
39 333
807 39
647 39
440 807
289 647
961 440
750 440
461 961
484 461
289 484
323 289
144 289
431 323
750 431
442 144
337 442
337 414
567 397
514 567
343 514
610 343
586 337
303 337
749 586
540 749
610 540
306 303
220 610
842 610
306 220
15 306
239 306
335 15
907 335
72 907
842 72
573 750
930 750
239 573
870 930
83 870
571 239
709 239
89 571
691 89
642 691
83 642
876 372
709 876
267 83
486 83
541 267
648 486
117 541
792 541
40 117
436 40
559 436
348 559
648 348
766 792
587 766
787 648
753 648
587 787
102 753
503 587
644 587
102 503
702 102
803 102
296 702
35 296
644 35
668 644
664 644
803 668
664 423
295 88
789 664
129 664
295 789
508 129
4 295
318 295
508 4
617 508
699 508
36 617
576 36
318 576
22 318
535 318
375 22
881 375
699 881
875 699
951 699
535 875
561 535
395 535
307 561
130 307
951 130
920 569
560 920
177 560
672 177
395 672
963 739
909 963
813 395
834 395
909 813
591 834
84 591
366 709
111 709
861 366
163 861
769 163
392 769
42 392
97 42
491 97
84 491
11 84
454 84
111 11
226 111
385 111
454 226
745 385
215 454
526 454
745 215
443 526
128 443
202 745
324 745
128 202
324 174
499 128
989 128
603 499
271 989
104 324
800 324
271 104
75 800
248 75
273 271
131 271
248 273
805 248
381 248
131 805
965 381
56 131
840 131
965 56
955 603
628 603
840 955
622 628
396 778
562 778
622 396
374 332
562 374
908 562
393 562
1 908
127 393
601 1
284 1
301 601
892 301
127 892
946 127
459 127
284 946
542 284
264 284
459 542
944 459
445 459
264 944
924 264
179 264
172 924
891 172
445 891
545 445
757 445
179 545
184 179
977 179
467 184
369 467
680 369
9 680
757 9
2 977
2 857
849 2
583 2
352 849
671 352
51 583
308 622
278 622
991 308
51 991
37 51
823 51
974 37
278 974
810 278
555 278
823 810
143 671
752 671
555 143
180 752
294 555
382 555
528 294
613 528
180 613
827 180
234 180
382 827
236 382
276 382
234 236
990 276
457 990
279 457
68 279
554 234
74 234
68 554
74 426
95 68
478 68
722 95
347 722
835 478
277 74
160 74
835 277
740 347
611 347
160 740
743 160
87 160
611 743
207 87
311 611
125 611
207 311
476 207
217 207
125 476
346 217
399 125
931 125
453 399
346 453
5 931
685 346
465 346
905 685
23 905
5 23
210 465
200 5
320 5
667 200
210 667
320 415
683 530
45 683
176 210
103 210
355 176
258 355
45 258
165 45
659 45
103 165
287 659
953 287
252 103
779 103
953 252
233 320
161 320
779 233
886 757
365 757
161 886
12 365
456 161
843 161
421 456
12 421
288 843
113 12
695 12
288 113
786 288
988 288
529 786
695 529
334 695
195 695
988 334
658 777
195 658
