1053
448 501
274 448
18 274
83 18
100 83
232 100
481 232
481 501
327 481
572 327
675 572
675 481
440 675
423 440
677 423
110 677
762 110
762 675
107 762
309 107
594 309
504 594
727 504
183 727
668 183
717 668
518 717
255 518
227 255
313 227
178 313
767 178
767 762
456 767
792 456
792 767
103 792
745 103
32 745
333 32
776 333
20 776
580 20
163 580
571 163
89 571
799 89
441 799
363 441
825 363
273 825
857 273
857 792
790 857
786 790
479 786
242 479
60 242
94 60
875 94
875 857
399 875
52 399
96 52
75 96
111 75
442 111
880 442
364 880
188 364
290 188
607 290
813 607
775 813
636 775
808 636
800 808
890 800
890 875
49 890
627 49
756 627
106 756
428 106
637 428
718 637
731 718
315 731
228 315
347 228
672 347
85 672
830 85
913 830
913 890
410 913
395 410
766 395
411 766
803 411
430 803
583 430
217 583
701 217
588 701
807 588
821 807
142 821
510 142
200 510
823 200
869 823
198 869
401 198
414 401
29 414
809 29
916 809
916 913
565 916
471 565
230 471
449 230
177 449
755 177
746 755
725 746
623 725
908 623
170 908
455 170
758 455
461 758
678 461
55 678
469 55
539 469
517 539
284 517
119 284
155 119
928 155
928 916
680 928
610 680
716 610
175 716
27 175
760 27
57 760
632 57
923 632
298 923
924 298
413 924
614 413
162 614
36 162
933 36
435 933
78 435
692 78
470 692
602 470
893 602
348 893
2 348
260 2
929 260
710 929
935 710
935 928
895 935
215 895
149 215
294 149
705 294
424 705
433 424
139 433
345 139
384 345
296 384
728 296
613 728
400 613
252 400
434 252
71 434
192 71
789 192
940 789
940 935
453 940
569 453
616 569
892 616
795 892
811 795
658 811
249 658
465 249
812 465
805 812
535 805
275 535
169 275
33 169
595 33
867 595
896 867
524 896
187 524
748 187
51 748
568 51
502 568
831 502
943 831
943 940
513 943
445 513
269 445
708 269
261 708
864 261
912 864
330 912
383 330
845 383
117 845
739 117
681 739
201 681
586 201
84 586
152 84
558 152
458 558
221 458
406 221
947 406
947 943
480 947
292 480
43 292
439 43
25 439
136 25
38 136
948 38
948 947
26 948
320 26
359 320
202 359
340 202
70 340
135 70
138 135
156 138
702 156
546 702
21 546
140 21
235 140
530 235
911 530
843 911
657 843
861 657
216 861
804 216
570 804
848 570
467 848
642 467
346 642
506 346
903 506
184 903
953 184
953 948
878 953
818 878
74 818
161 74
536 161
477 536
285 477
256 285
955 256
962 955
962 953
837 962
280 837
886 280
639 886
782 639
11 782
492 11
914 492
505 914
450 505
234 450
491 234
124 491
859 124
349 859
213 349
742 213
497 742
30 497
316 30
963 316
963 962
855 963
81 855
967 81
967 963
937 967
547 937
145 547
529 145
499 529
540 499
631 540
598 631
56 598
974 56
781 974
930 781
120 930
153 120
209 153
500 209
655 500
521 655
841 521
889 841
866 889
556 866
421 556
386 421
984 386
984 967
899 984
730 899
719 730
133 719
312 133
64 312
764 64
723 764
429 723
282 429
670 282
9 670
223 9
798 223
366 798
562 366
515 562
247 515
740 247
891 740
693 891
520 693
987 520
987 984
682 987
303 682
66 303
922 66
874 922
432 874
733 432
881 733
557 881
402 557
77 402
418 77
281 418
266 281
372 266
40 372
225 40
690 225
129 690
577 129
373 577
126 373
407 126
858 407
426 858
988 426
988 987
87 988
894 87
127 894
915 127
673 915
24 673
773 24
784 773
526 784
871 526
203 871
146 203
148 146
697 148
375 697
88 375
620 88
488 620
879 488
949 879
641 949
278 641
628 278
4 628
248 4
237 248
31 237
404 31
989 404
989 988
945 989
300 945
519 300
944 519
772 944
927 772
981 927
486 981
302 486
787 302
752 787
936 752
771 936
97 771
464 97
833 464
651 833
354 651
15 354
538 15
206 538
599 206
318 599
990 318
990 989
76 990
191 990
23 76
478 23
143 478
503 143
431 503
357 431
335 357
661 335
191 661
368 191
447 191
476 447
219 476
105 219
489 105
873 489
873 368
42 873
560 873
560 42
438 560
660 560
660 438
689 660
412 660
115 689
305 115
69 305
542 69
361 542
412 361
356 412
695 412
380 356
523 380
267 523
904 267
839 904
724 839
343 724
900 343
396 900
525 396
80 525
270 80
233 270
884 233
389 884
182 389
582 182
704 582
942 704
850 942
604 850
54 604
794 54
151 794
667 151
961 667
695 961
590 695
713 695
50 713
516 50
531 516
322 531
635 322
79 635
466 79
168 466
643 168
976 643
976 590
630 976
474 976
757 630
393 757
656 393
351 656
226 351
738 226
591 738
474 591
291 474
785 474
224 785
387 224
975 387
975 291
82 975
788 975
576 82
130 576
344 130
736 344
197 736
711 197
676 711
179 676
788 179
62 788
287 788
679 62
118 679
796 118
332 796
287 332
342 287
801 287
579 342
61 579
797 61
842 797
751 842
664 751
397 664
729 397
575 729
496 575
615 496
528 615
460 528
339 460
801 339
454 801
806 801
125 806
952 125
868 952
901 868
647 901
1 647
262 1
768 262
753 768
566 753
917 566
379 917
141 379
653 141
334 653
532 334
194 532
979 194
328 979
311 328
329 311
360 329
360 454
336 360
814 360
814 336
747 814
816 814
816 747
564 816
826 816
986 564
265 986
157 265
205 157
624 205
750 624
665 750
371 665
171 371
324 171
709 324
669 709
563 669
483 563
310 483
593 310
824 593
353 824
22 353
8 22
65 8
102 65
826 102
180 826
508 826
674 180
851 674
341 851
131 341
259 131
574 259
101 574
7 101
584 7
633 584
605 633
509 605
286 509
551 286
186 551
822 186
154 822
534 154
527 534
715 527
508 715
301 508
853 508
415 301
10 415
666 10
585 666
159 585
634 159
956 634
836 956
707 836
838 707
306 838
853 306
876 853
436 853
457 876
783 457
220 783
350 220
854 350
436 854
684 436
446 436
555 684
113 555
700 113
918 700
860 918
212 860
827 212
446 827
932 446
91 446
872 932
297 872
104 297
39 104
91 39
926 91
939 91
196 939
250 196
759 250
238 759
241 238
545 241
121 545
44 121
980 44
629 980
722 629
468 722
416 468
268 416
561 268
659 561
659 926
951 659
420 659
898 951
211 898
420 211
326 420
277 420
688 326
231 688
749 231
511 749
957 511
832 957
870 832
897 870
392 897
490 392
706 490
537 706
482 537
99 482
147 99
882 147
946 882
277 946
638 277
958 277
459 638
763 459
108 763
732 108
498 732
325 498
662 325
770 662
304 770
422 304
17 422
726 17
721 726
847 721
685 847
452 685
769 452
958 769
544 958
174 958
533 544
47 533
391 47
959 391
686 959
370 686
295 370
550 295
856 550
16 856
581 16
72 581
885 72
48 885
176 48
174 176
938 174
98 174
815 938
122 815
663 122
485 663
596 485
609 596
791 609
5 791
554 5
754 554
649 754
737 649
960 737
829 960
409 829
444 409
543 444
243 543
376 243
112 376
164 112
403 164
625 403
385 625
98 385
308 98
626 98
462 308
573 462
964 573
67 964
906 67
144 906
272 144
189 272
644 189
12 644
167 12
390 167
548 390
743 548
553 743
905 553
484 905
254 484
541 254
229 541
512 229
134 512
514 134
210 514
626 210
683 626
920 626
388 683
199 388
522 199
6 522
966 6
934 966
398 934
617 398
190 617
264 190
487 264
494 487
95 494
834 95
337 834
425 337
408 425
778 408
578 778
600 578
472 600
920 472
849 920
621 920
910 849
3 910
919 3
780 919
128 780
774 128
654 774
648 654
160 648
218 160
712 218
819 712
193 819
419 193
618 419
968 618
652 968
650 652
646 650
844 646
321 844
19 321
862 19
207 862
621 207
744 621
734 621
741 744
687 741
41 687
691 41
941 691
765 941
969 765
902 969
671 902
779 671
820 779
86 820
369 86
734 369
970 734
365 734
475 970
852 475
589 852
214 589
239 214
283 239
14 283
276 14
507 276
63 507
123 63
365 123
172 365
417 365
165 172
352 165
971 352
90 971
173 90
53 173
46 53
68 46
698 68
777 698
493 777
204 493
954 204
378 954
608 378
166 608
195 166
965 195
846 965
331 846
417 331
362 417
114 417
381 362
116 381
592 116
394 592
58 394
28 58
973 28
427 973
907 427
549 907
222 549
601 222
245 601
319 245
606 319
92 606
703 92
950 703
451 950
114 451
877 114
977 114
714 877
865 714
405 865
612 405
181 612
802 181
377 802
263 377
338 263
35 338
810 35
694 810
244 694
208 244
437 208
977 437
972 977
288 977
552 972
93 552
150 93
888 150
699 888
289 699
840 289
137 840
13 137
293 13
258 293
185 258
587 185
978 587
887 978
495 887
288 495
735 288
240 288
367 735
374 367
982 374
355 982
59 355
720 59
909 720
828 909
73 828
925 73
382 925
645 382
921 645
240 921
236 240
622 240
358 236
559 358
863 559
257 863
761 257
317 761
443 317
279 443
983 279
158 983
271 158
883 271
835 883
307 835
619 307
817 619
640 817
253 640
622 253
597 622
323 622
132 597
603 132
109 603
931 109
567 931
985 567
793 985
34 793
463 34
473 463
696 473
314 696
246 314
611 246
45 611
37 45
251 37
299 251
323 299
