958 959
654 365
846 707
566 7
551 912
585 710
734 122
560 599
958 904
431 180
274 182
651 732
374 357
85 800
121 197
503 774
584 812
604 696
923 471
73 927
849 597
269 259
490 71
432 102
918 536
203 788
718 656
540 320
484 926
537 227
255 762
592 751
614 47
7 915
61 574
127 867
835 300
412 395
230 508
739 211
244 781
721 477
861 608
236 69
350 626
807 349
78 551
717 761
440 233
610 387
287 2
714 470
9 189
250 780
119 636
746 238
623 408
356 275
437 204
75 584
13 97
638 524
282 518
882 114
838 896
114 260
5 768
335 444
151 733
62 327
177 666
36 627
619 442
22 466
749 105
340 719
221 355
358 775
800 22
170 315
943 759
179 671
921 603
690 535
665 639
447 614
676 796
164 202
277 474
743 604
110 173
883 115
343 125
949 267
383 906
155 903
919 21
763 689
728 895
246 173
881 831
184 171
888 35
398 85
295 532
289 414
76 153
422 472
299 133
259 861
18 265
698 382
347 283
380 637
439 565
634 157
456 735
126 263
313 664
396 149
77 373
427 919
909 549
534 8
187 493
527 350
639 401
430 148
109 363
803 249
712 703
145 54
594 36
185 451
202 29
395 712
561 616
650 682
512 278
111 757
550 142
3 528
352 426
770 434
942 428
926 827
246 45
727 463
140 232
176 418
444 695
136 681
175 156
751 483
644 495
896 628
866 404
292 30
251 312
915 711
223 807
501 892
733 179
321 481
605 154
452 581
555 121
874 112
616 352
358 652
645 38
777 540
489 20
474 823
359 43
391 340
280 167
243 933
790 701
931 428
296 123
813 392
232 756
897 586
663 459
724 548
673 309
767 94
710 111
118 239
864 766
597 18
839 1
123 139
533 196
492 307
196 482
148 722
166 244
17 686
704 736
470 843
637 502
773 922
940 94
245 277
278 457
857 839
600 290
210 559
53 748
450 746
102 631
419 620
515 386
778 210
756 33
14 460
24 659
310 543
49 478
348 104
129 328
88 854
290 898
265 849
937 617
174 12
576 15
722 755
530 930
764 871
124 633
271 814
214 621
887 618
108 126
95 362
68 370
884 859
471 763
606 776
677 638
344 577
562 183
99 433
42 446
686 323
194 835
569 929
821 375
457 120
27 958
941 535
709 590
106 360
407 805
387 207
12 579
327 914
950 187
191 727
708 281
87 816
48 578
876 808
720 334
755 905
914 647
466 390
810 802
445 655
939 640
169 862
912 851
553 106
578 489
498 284
910 4
323 130
204 646
229 957
713 338
397 159
409 133
267 683
361 706
116 782
420 662
329 753
554 162
288 143
80 953
332 113
785 261
23 198
769 50
891 799
636 110
851 567
211 848
158 441
423 598
905 344
588 348
222 100
620 247
497 885
165 718
190 423
871 452
253 87
79 552
405 694
589 654
90 356
750 9
301 96
461 691
192 705
689 663
765 826
742 520
96 726
367 952
956 26
801 443
1 99
657 248
928 372
73 163
39 730
630 454
952 124
462 109
863 83
895 667
410 792
63 924
424 790
697 41
144 949
320 675
298 172
586 853
907 217
929 744
152 28
730 402
822 128
147 791
101 821
315 337
86 439
556 185
480 70
618 170
894 666
58 480
160 38
543 697
235 215
526 294
319 88
924 103
598 465
500 836
205 592
392 872
353 10
325 947
240 374
217 868
936 784
518 890
504 942
669 229
247 629
249 847
19 416
809 806
481 308
132 59
678 445
940 864
886 857
131 95
602 391
149 715
157 798
768 3
823 164
44 945
152 577
193 479
591 876
786 865
284 939
913 5
726 39
831 881
373 879
262 815
816 954
105 538
520 764
433 34
25 588
31 131
700 303
69 699
227 62
740 758
955 570
336 378
189 242
862 787
476 72
411 44
499 650
927 19
266 747
209 891
239 497
830 512
542 596
845 68
737 908
878 335
241 728
811 513
707 24
729 158
670 176
256 347
483 490
379 318
579 496
312 575
309 458
118 285
228 501
182 938
214 314
279 76
523 546
516 813
115 0
15 714
539 809
11 177
696 331
599 886
314 403
153 875
877 917
300 720
771 208
818 866
51 174
665 429
571 932
935 361
931 257
587 343
505 709
192 832
421 855
364 319
656 245
59 506
120 679
261 522
252 644
626 948
687 794
671 250
827 147
615 810
458 311
805 274
517 649
692 589
377 556
486 377
186 519
207 918
611 877
50 223
74 298
71 936
509 369
629 268
385 901
793 873
89 199
494 504
345 271
887 311
134 621
307 134
200 332
837 384
738 61
34 700
472 724
496 448
819 37
138 852
573 389
488 705
608 771
603 507
820 225
330 280
889 406
659 830
780 297
40 803
855 845
334 889
139 783
774 469
399 723
908 537
64 237
904 240
760 677
547 822
564 704
21 447
772 273
753 693
815 368
679 301
137 499
154 317
45 557
206 449
920 769
933 591
731 844
371 858
507 351
417 571
536 264
932 411
434 944
135 669
649 487
346 750
870 779
667 86
378 523
426 253
524 224
117 430
91 902
829 569
201 285
628 819
858 541
16 772
580 93
195 326
752 582
934 461
20 63
762 775
337 860
641 498
459 911
402 634
925 252
368 287
225 658
482 422
521 672
35 78
413 593
843 393
212 371
260 550
893 562
601 440
519 642
613 84
107 717
237 226
903 601
394 613
951 706
8 46
242 558
683 66
869 205
531 117
944 385
922 514
788 492
341 165
836 670
682 437
701 400
853 740
661 595
258 383
828 572
281 53
197 427
766 767
582 65
814 576
112 668
674 178
150 560
568 251
6 305
847 648
465 286
404 60
316 491
508 455
715 834
46 212
833 329
213 52
711 568
455 64
548 231
198 380
208 195
632 409
825 545
349 692
850 394
97 542
647 674
143 413
2 129
894 840
906 488
581 725
238 27
930 429
648 530
26 289
806 450
333 888
946 734
181 415
947 453
631 398
443 609
741 330
125 824
590 98
215 431
789 950
943 559
672 58
938 4
32 516
304 476
860 342
563 684
514 773
757 203
47 108
953 893
880 842
390 216
132 464
29 899
954 602
478 937
745 820
60 856
607 563
57 321
403 367
473 630
463 206
832 624
736 661
502 587
799 266
199 219
355 186
653 150
781 529
645 160
414 785
294 243
382 31
167 194
792 544
66 825
725 534
545 116
544 742
567 607
331 494
511 119
662 13
493 140
868 25
652 907
797 486
575 818
93 291
448 622
735 456
546 955
513 793
454 765
360 673
276 475
675 664
318 829
328 255
113 900
303 17
451 151
633 81
65 288
306 531
731 273
272 509
268 269
723 397
796 345
339 549
366 155
477 341
899 841
558 801
438 263
885 874
159 760
416 256
957 324
401 40
824 359
795 685
719 101
224 928
351 213
234 33
270 505
233 304
685 432
142 539
127 867
529 615
495 364
141 500
54 741
817 680
475 420
776 333
826 786
902 956
425 56
100 770
220 737
748 235
156 688
308 254
684 804
453 687
376 778
783 678
254 610
854 10
565 521
879 935
747 381
326 82
716 743
872 91
216 850
901 295
291 55
479 600
941 837
130 221
528 913
342 547
612 79
468 57
322 882
625 136
834 92
491 729
485 526
945 690
171 635
172 14
218 464
593 209
92 42
852 934
883 0
694 310
146 190
808 713
418 220
370 421
180 811
72 698
754 230
275 660
635 181
30 354
515 67
658 262
538 166
84 897
375 920
627 163
624 424
859 325
844 405
81 137
168 193
911 473
283 484
703 657
103 48
784 923
381 517
353 510
898 503
369 336
257 611
264 399
365 561
28 583
188 316
841 721
37 880
226 90
910 222
406 386
758 89
787 435
642 573
572 425
691 554
442 258
270 70
693 833
794 141
313 777
438 107
812 366
372 468
43 870
702 749
231 738
449 525
286 641
791 594
293 419
917 716
522 23
570 817
52 789
643 745
605 56
441 272
583 306
487 702
104 643
892 916
695 878
324 619
622 739
388 74
532 407
668 201
338 396
183 200
900 145
875 564
162 138
655 49
856 553
299 292
469 623
699 188
83 184
798 846
802 752
951 279
460 676
557 511
948 276
98 467
317 146
779 32
506 436
128 566
363 296
744 175
384 417
873 527
541 410
362 946
688 51
525 236
759 376
842 632
865 869
446 580
840 11
219 795
302 909
651 732
660 388
393 754
161 228
82 533
646 625
617 555
400 135
782 838
761 462
415 302
408 346
178 884
510 925
890 379
640 612
234 921
681 585
680 191
467 169
436 218
848 282
354 144
596 708
55 485
67 80
122 75
609 168
595 77
339 322
574 293
248 828
6 161
916 305
804 797
389 653
552 412
297 606
435 241
41 16
357 863
