1019
91 447
91 803
110 91
191 110
20 191
225 20
225 91
100 225
400 100
400 225
598 400
203 598
666 203
666 400
116 666
712 116
712 666
141 712
390 141
66 390
398 66
787 398
787 712
238 787
426 238
519 426
467 519
808 467
808 787
364 808
338 364
567 338
172 567
276 172
264 276
829 264
829 808
1 829
314 1
482 314
634 482
45 634
160 45
488 160
296 488
539 296
819 539
250 819
351 250
745 351
75 745
175 75
387 175
674 387
403 674
263 403
311 263
554 311
142 554
168 142
136 168
837 136
837 829
735 837
673 735
134 673
87 134
391 87
173 391
88 173
205 88
469 205
26 469
308 26
600 308
734 600
41 734
840 41
840 837
532 840
289 532
625 289
852 625
852 840
329 852
746 329
555 746
61 555
242 61
527 242
739 527
283 739
730 283
523 730
836 523
545 836
24 545
486 24
257 486
49 257
773 49
768 773
381 768
163 381
679 163
790 679
857 790
857 852
150 857
67 150
428 67
876 428
876 857
290 876
849 290
318 849
566 318
802 566
508 802
886 508
886 876
389 886
115 389
572 115
348 572
331 348
399 331
323 399
317 323
534 317
471 534
251 471
206 251
138 206
424 138
516 424
218 516
431 218
2 431
893 2
893 886
270 893
478 270
754 478
690 754
40 690
198 40
817 198
404 817
74 404
859 74
873 859
549 873
481 549
831 481
777 831
421 777
686 421
297 686
422 297
800 422
579 800
638 579
291 638
725 291
611 725
565 611
894 565
894 893
551 894
858 551
174 858
743 174
655 743
92 655
464 92
685 464
202 685
113 202
630 113
295 630
866 295
472 866
294 472
692 294
105 692
646 105
325 646
762 325
557 762
780 557
368 780
181 368
446 181
662 446
901 662
901 894
561 901
542 561
581 542
624 581
592 624
123 592
698 123
642 698
165 642
310 165
231 310
405 231
322 405
700 322
696 700
337 696
908 337
908 901
396 908
761 396
321 761
715 321
332 715
681 332
826 681
571 826
184 571
320 184
97 320
240 97
18 240
830 18
373 830
490 373
22 490
435 22
153 435
31 153
367 31
595 367
914 595
914 908
687 914
495 687
845 495
412 845
604 412
344 604
183 344
818 183
586 818
590 586
635 590
781 635
671 781
269 671
73 269
78 73
13 78
103 13
652 103
212 652
23 212
751 23
744 751
917 744
917 914
580 917
201 580
51 201
448 51
228 448
612 228
233 612
497 233
731 497
86 731
896 86
217 896
798 217
343 798
489 343
879 489
920 879
812 920
57 812
315 57
842 315
588 842
525 588
628 525
622 628
38 622
811 38
921 811
921 917
614 921
637 614
268 637
259 268
69 259
411 69
29 411
524 29
427 524
765 427
807 765
149 807
433 149
601 433
366 601
756 366
853 756
475 853
770 475
651 770
370 651
822 370
239 822
931 239
931 921
758 931
867 758
413 867
713 413
445 713
553 445
414 553
834 414
491 834
728 491
871 728
301 871
432 301
794 432
621 794
839 621
891 839
410 891
43 410
911 43
861 911
538 861
682 538
147 682
261 147
937 261
937 931
300 937
39 300
878 39
711 878
506 711
437 506
258 437
227 258
459 227
910 459
767 910
152 767
905 152
346 905
249 346
558 249
719 558
436 719
933 436
374 933
62 374
940 62
940 937
425 940
636 425
60 636
704 60
288 704
759 288
717 759
898 717
474 898
44 474
125 44
907 125
494 907
714 494
430 714
809 430
9 809
657 9
361 657
766 361
210 766
608 210
262 608
942 262
942 940
783 942
710 783
563 710
915 563
246 915
801 246
793 801
623 793
388 623
119 388
882 119
282 882
806 282
265 806
395 265
540 395
177 540
693 177
362 693
795 362
943 795
943 942
6 943
649 6
909 649
237 909
386 237
408 386
694 408
111 694
810 111
417 810
663 417
750 663
48 750
584 48
589 584
95 589
733 95
856 733
16 856
59 16
945 59
945 943
653 945
326 653
736 326
593 736
415 593
52 415
316 52
550 316
930 550
56 930
890 56
522 890
15 522
833 15
224 833
208 224
784 208
394 784
825 394
946 825
946 945
34 946
503 34
860 503
629 860
185 629
505 185
107 505
576 107
196 576
194 196
923 194
778 923
564 778
631 564
457 631
511 457
42 511
109 42
21 109
729 21
492 729
377 492
306 377
213 306
864 213
949 864
949 946
509 949
847 509
585 847
485 585
688 485
76 688
786 76
279 786
247 279
199 247
722 199
409 722
504 409
406 504
245 406
327 245
192 327
207 192
385 207
452 385
7 452
615 7
689 615
954 689
954 949
517 954
53 517
476 53
81 476
162 81
68 162
723 68
133 723
354 133
483 354
484 483
708 484
953 708
769 953
665 769
678 665
701 678
299 701
274 299
4 274
46 4
578 46
102 578
648 102
760 648
241 760
956 241
956 954
170 956
359 956
691 359
691 170
187 691
204 691
610 187
190 610
384 190
204 384
460 204
644 204
230 644
645 230
618 645
378 618
129 378
518 129
742 518
126 742
84 126
84 460
209 84
659 84
215 209
771 215
912 771
80 912
659 80
118 659
718 659
342 718
27 342
171 27
854 171
854 118
216 854
748 854
182 216
148 182
705 148
124 705
260 124
658 260
868 658
626 868
747 626
543 747
512 543
82 512
935 82
748 935
35 748
753 748
753 35
820 753
330 753
71 820
132 71
863 132
350 863
477 350
145 477
28 145
827 28
112 827
434 112
740 434
379 740
420 379
19 420
330 19
144 330
179 330
375 144
496 375
702 496
451 702
17 451
89 17
779 89
865 779
455 865
487 455
835 487
463 835
179 463
243 179
393 179
303 243
267 303
229 267
197 229
127 197
556 127
596 556
726 596
872 726
838 872
347 838
393 347
568 393
77 393
30 568
720 30
222 720
639 222
50 639
574 50
533 574
402 533
816 402
575 816
513 575
676 513
869 676
874 869
221 874
304 221
407 304
706 407
372 706
345 372
707 345
169 707
77 169
661 77
278 77
442 661
10 442
480 10
256 480
880 256
104 880
782 104
493 782
597 493
547 597
143 547
764 143
305 764
843 305
278 843
559 278
440 278
881 559
613 881
167 613
738 167
307 738
423 307
189 423
440 189
90 440
99 440
298 90
54 298
703 54
897 703
537 897
146 537
99 146
479 99
498 99
439 479
186 439
716 186
255 716
275 255
888 275
677 888
620 677
156 620
458 156
709 458
438 709
158 438
616 158
627 616
159 627
33 159
3 33
903 3
349 903
528 349
788 528
664 788
569 664
352 569
79 352
356 79
235 356
498 235
83 498
253 498
796 83
392 796
418 392
546 418
461 546
544 461
906 544
502 906
785 502
253 785
70 253
357 253
450 70
916 450
640 916
357 640
11 357
919 357
919 11
510 919
319 919
641 510
94 641
606 94
850 606
72 850
877 72
741 877
281 741
376 281
548 376
926 548
603 926
178 603
339 178
821 339
683 821
466 683
319 466
117 319
737 319
236 117
668 236
32 668
85 32
530 85
96 530
121 96
609 121
14 609
166 14
925 166
226 925
675 226
220 675
887 220
271 887
383 271
772 383
521 772
193 521
180 193
904 180
128 904
334 128
928 334
47 928
587 47
855 587
737 855
774 737
369 737
223 774
363 223
468 363
755 468
154 755
473 154
573 473
932 573
832 932
369 832
499 369
234 369
500 499
195 500
599 195
25 599
667 25
139 667
188 139
5 188
936 5
151 936
792 151
924 792
280 924
58 280
602 58
137 602
419 137
535 419
824 535
724 824
232 724
333 232
324 333
680 324
453 680
443 453
234 443
799 234
672 234
939 799
902 939
470 902
382 470
672 382
284 672
108 672
632 284
913 632
670 913
841 670
507 841
560 507
155 560
64 155
927 64
287 927
699 287
633 699
697 633
594 697
285 594
93 285
341 93
941 341
814 941
157 814
889 157
108 889
844 108
214 108
515 844
520 515
266 520
456 266
36 456
248 36
695 248
176 695
514 176
654 514
757 654
131 757
884 131
721 884
293 721
501 293
883 501
244 883
583 244
669 583
292 669
944 292
815 944
214 815
286 214
591 214
462 286
776 462
401 776
120 401
947 120
605 947
684 605
200 684
529 200
885 529
454 885
106 454
444 106
895 444
591 895
952 591
617 591
875 952
161 875
441 161
922 441
951 922
617 951
763 617
870 617
848 763
607 848
950 607
328 950
828 328
130 828
135 130
37 135
955 37
312 955
789 312
934 789
272 934
397 272
277 397
570 277
862 570
619 862
365 619
302 365
309 302
805 309
900 805
536 900
164 536
870 164
355 870
851 870
358 355
660 358
577 660
775 577
114 775
353 114
552 353
336 552
98 336
429 98
957 429
846 957
416 846
273 416
938 273
899 938
656 899
254 656
465 254
749 465
851 749
531 851
727 851
562 531
958 562
340 958
360 340
219 360
804 219
313 804
823 313
541 823
727 541
122 727
732 727
918 122
929 918
650 929
813 650
797 813
101 797
892 101
335 892
959 335
12 959
371 12
526 371
8 526
252 8
643 252
55 643
211 55
647 211
380 647
449 380
752 449
140 752
582 140
65 582
63 65
791 63
948 791
732 948
