989 989
695 331
797 653
43 162
171 983
438 530
10 190
116 717
87 640
575 655
519 673
905 270
120 738
689 718
302 109
764 616
47 569
866 373
381 88
98 627
343 572
378 281
251 680
269 707
160 926
658 512
234 38
361 945
588 548
557 166
497 477
583 927
774 446
262 329
240 161
82 62
810 563
689 805
895 832
963 226
568 978
706 410
685 779
879 74
264 891
238 259
280 589
73 924
834 621
29 321
309 678
624 158
19 311
66 931
364 620
110 979
756 147
498 90
576 315
668 520
385 235
630 935
925 161
968 315
932 257
582 133
787 686
842 112
947 550
765 140
522 427
143 305
409 404
488 897
965 117
142 175
399 520
701 136
898 170
70 895
212 119
77 509
468 777
770 912
123 589
506 76
411 353
574 975
450 233
782 806
33 621
179 490
832 540
923 391
429 619
540 549
46 865
46 3
266 479
940 661
290 427
598 209
215 189
208 45
458 986
970 605
405 629
330 854
132 165
555 284
412 944
243 221
928 550
324 386
36 327
256 89
896 30
492 208
949 702
121 400
971 623
397 749
886 328
559 955
97 345
860 641
468 777
634 488
754 365
45 144
819 786
313 489
342 452
67 696
275 803
59 742
848 159
913 90
163 786
809 44
172 660
50 235
411 408
951 969
113 382
41 310
306 958
402 731
250 527
245 728
674 293
672 791
409 453
779 447
138 357
934 481
177 294
149 727
580 790
261 975
349 500
32 719
336 951
125 99
382 881
81 587
987 662
715 747
436 308
837 842
9 887
59 742
122 984
793 101
806 562
564 371
956 485
179 826
911 915
377 352
96 108
204 873
193 272
746 784
631 803
344 441
424 825
687 221
279 434
831 953
351 973
285 533
681 541
607 192
932 982
93 201
792 788
811 318
518 753
758 851
567 282
82 828
219 626
239 370
243 616
155 636
178 389
740 508
472 239
679 700
977 799
724 878
763 27
538 721
929 80
645 209
512 815
124 58
598 715
574 465
615 361
773 248
962 698
167 289
812 475
287 556
25 430
139 754
545 28
16 295
431 644
859 91
804 651
421 202
350 675
780 319
395 376
420 984
662 919
180 49
55 455
933 432
185 15
217 227
849 830
738 596
899 324
485 227
553 690
417 937
708 952
575 223
783 187
20 706
604 625
585 543
774 397
820 604
244 304
487 121
207 443
874 946
750 579
618 723
176 231
904 298
835 145
1 681
961 785
704 570
484 651
711 970
423 502
414 173
413 115
974 639
278 414
884 919
509 539
456 609
187 198
406 757
477 9
746 585
708 360
603 501
643 391
153 937
982 590
637 425
741 129
333 537
245 19
220 801
712 428
682 78
114 966
425 516
661 252
435 160
95 980
692 750
355 43
81 18
305 52
911 63
751 392
88 491
872 914
363 442
434 885
205 725
389 307
299 824
92 814
137 863
535 141
818 745
431 920
459 670
819 469
534 28
273 335
892 642
41 313
770 665
929 778
260 341
955 316
91 646
807 85
793 241
699 731
386 216
147 866
118 150
766 959
13 246
23 947
660 476
592 988
169 182
146 237
863 834
602 771
131 358
234 857
931 75
705 552
420 319
591 654
460 218
655 57
403 768
327 164
936 158
457 105
260 799
636 711
401 782
870 482
694 469
104 862
664 875
546 628
292 727
864 566
548 254
591 89
443 496
377 962
613 797
855 641
739 304
148 733
412 606
519 567
886 163
609 344
126 298
928 961
811 464
197 263
554 671
933 322
684 952
326 907
568 507
107 765
240 657
960 394
642 224
780 988
546 2
640 924
384 31
251 976
383 737
102 99
633 691
518 471
174 8
664 448
233 184
80 287
93 680
623 874
323 504
84 303
595 694
275 308
128 37
216 703
126 183
888 759
78 923
747 922
989 454
79 977
461 918
683 3
332 690
359 151
263 910
17 775
800 906
306 256
56 699
617 948
893 154
873 578
813 610
462 44
134 563
891 869
654 559
230 534
103 840
764 930
907 60
733 851
968 772
102 883
238 531
157 921
367 98
226 582
632 470
794 113
601 154
432 156
713 872
473 718
901 785
595 510
849 449
145 314
214 825
176 943
677 600
816 532
899 981
367 283
1 2
95 182
549 957
808 191
800 877
859 515
726 38
796 320
114 817
291 533
802 186
475 487
360 829
212 40
105 565
496 207
547 697
135 958
218 171
900 146
255 30
185 801
471 352
85 807
909 646
912 635
253 936
26 312
10 969
823 862
645 688
987 106
407 117
250 822
497 913
759 817
682 514
562 318
192 455
666 930
846 626
767 508
116 553
72 254
4 493
69 880
634 639
796 722
858 402
635 758
612 334
429 523
440 92
246 482
709 372
921 791
219 486
867 710
847 8
541 605
228 193
649 267
162 342
798 58
351 101
199 35
700 580
286 229
729 845
418 257
194 685
167 323
349 523
283 702
467 491
203 17
470 214
222 869
86 403
904 648
340 18
981 745
387 457
73 125
195 847
40 590
385 451
755 843
513 384
748 272
77 15
673 789
611 892
853 259
71 433
288 556
985 517
392 752
84 200
494 522
868 950
463 555
950 213
172 184
802 584
274 180
347 128
339 675
247 558
6 285
608 597
139 422
601 383
561 901
978 527
232 743
21 267
294 906
781 850
495 211
371 269
424 942
914 734
808 464
587 134
198 478
827 606
453 861
709 60
976 76
838 705
917 939
749 415
388 310
290 530
835 822
500 54
612 328
736 630
882 890
967 404
766 971
917 795
620 143
632 665
437 331
724 220
722 974
300 297
100 935
370 855
138 49
299 407
521 570
881 889
166 309
439 732
436 843
537 112
56 637
152 720
542 11
964 647
7 441
547 653
599 419
716 878
814 96
321 853
374 884
253 472
939 650
861 22
622 225
406 818
13 833
954 812
72 714
821 444
571 5
524 152
478 483
719 515
823 332
511 751
316 763
375 479
271 778
340 188
868 762
258 714
87 629
195 378
438 279
369 720
416 648
173 916
959 850
743 165
120 701
107 810
68 169
905 510
286 946
511 374
659 741
771 159
355 644
588 707
903 463
852 35
610 341
627 24
410 268
111 445
788 302
506 529
277 459
6 75
12 736
622 314
624 7
69 756
12 270
273 938
613 178
135 504
513 671
776 449
551 458
683 55
857 271
460 442
381 658
131 433
446 916
356 669
494 333
897 346
380 94
53 335
584 480
744 322
577 581
201 571
206 934
174 14
925 373
480 915
23 368
820 721
181 804
22 564
136 693
871 196
830 249
893 760
870 954
938 210
364 109
153 532
614 840
775 440
356 695
199 631
42 596
148 536
97 499
325 483
14 717
858 841
538 241
423 124
704 339
387 592
844 422
223 400
558 447
560 499
833 489
465 481
34 296
64 474
177 358
36 164
941 795
297 363
474 292
65 247
966 710
789 486
300 973
809 445
573 33
502 894
170 963
767 103
415 278
242 880
357 301
619 362
265 730
27 417
104 348
334 25
615 876
888 867
769 918
732 505
838 521
663 944
856 536
236 5
401 698
730 274
652 288
229 505
827 390
926 337
836 579
123 760
398 330
68 189
678 790
543 703
37 111
495 985
39 696
338 531
258 967
57 725
20 311
529 607
865 908
815 600
557 712
737 183
528 920
215 776
86 581
693 230
726 473
824 649
864 225
922 71
735 454
687 956
456 379
829 594
781 390
599 413
181 652
755 852
236 748
647 676
4 264
949 757
628 643
633 794
74 617
943 493
535 276
197 744
816 301
542 572
393 317
348 578
396 127
150 426
110 237
369 773
525 375
435 739
979 317
593 66
836 83
524 248
839 282
772 268
421 752
516 399
691 452
551 692
42 249
338 656
503 740
792 989
900 844
65 194
507 566
514 729
419 426
428 252
672 16
565 618
484 61
51 896
376 909
130 224
228 948
296 108
883 501
889 528
444 945
329 942
293 337
569 405
666 48
846 848
686 957
650 576
577 826
31 119
83 51
48 204
151 593
490 326
839 466
265 289
544 560
21 983
366 362
190 379
232 168
462 222
539 503
372 769
312 887
130 336
762 676
133 679
526 277
106 34
39 498
439 871
354 625
854 393
196 663
186 586
761 307
461 768
875 656
79 603
61 805
667 903
320 303
466 602
659 168
149 213
545 980
941 728
157 408
713 24
753 380
54 583
206 960
347 638
813 132
140 667
450 940
291 359
845 350
964 902
894 368
202 203
141 142
677 448
191 94
586 255
284 597
64 50
365 761
986 63
388 205
972 398
885 877
492 902
416 175
674 437
608 594
156 525
908 879
688 837
783 734
231 394
526 544
137 266
684 188
29 467
828 62
244 53
972 697
669 11
118 32
735 295
517 927
276 280
798 561
26 67
127 856
144 953
821 573
281 217
831 451
890 882
343 210
657 242
52 353
262 396
354 965
261 638
784 325
668 841
122 723
611 860
47 129
476 898
614 418
346 200
670 345
100 430
366 115
552 155
716 554
910 876
787 70
211 395
