1222
684 368
38 684
317 38
685 317
455 685
689 455
689 531
20 168
358 20
358 168
405 358
37 405
121 37
39 121
578 39
578 358
76 578
719 76
719 578
423 689
112 423
787 112
787 689
324 719
477 324
801 477
801 719
528 787
936 528
936 787
75 801
620 75
952 620
952 801
127 936
255 936
924 127
255 924
197 255
305 255
125 197
305 125
46 305
489 305
145 46
489 145
503 489
697 489
960 503
697 960
561 697
712 697
810 712
810 561
617 810
713 810
838 617
407 838
94 407
459 94
713 459
607 713
718 713
170 607
947 170
601 947
718 601
428 718
312 718
3 952
134 952
505 3
312 505
238 134
257 238
615 428
257 615
328 257
448 257
898 448
113 312
231 312
865 113
852 865
898 852
208 231
809 208
276 328
809 276
186 809
336 809
431 898
472 898
336 431
18 186
872 18
223 872
472 223
545 336
23 336
316 472
532 472
116 316
23 116
92 532
309 92
662 545
309 662
163 23
490 23
498 309
575 309
490 498
372 575
856 372
856 163
493 490
943 490
577 856
626 856
943 577
626 493
60 626
375 626
660 375
243 943
636 943
124 243
687 124
184 687
660 184
628 636
417 60
628 417
560 628
468 628
171 468
19 171
738 660
789 660
270 738
804 270
885 804
261 885
19 261
509 789
864 509
864 560
44 19
289 19
190 864
269 864
322 190
289 322
850 44
461 850
269 461
300 269
14 269
382 289
896 289
14 382
108 896
4 108
135 300
4 135
664 4
869 4
384 869
635 384
284 14
958 14
818 284
352 818
635 352
511 635
665 635
958 511
665 664
526 665
433 665
474 433
884 474
426 958
552 958
884 426
173 884
771 884
652 173
690 652
552 690
771 526
650 552
598 552
587 771
481 771
598 587
151 598
791 598
293 151
786 293
481 786
272 791
201 272
152 650
849 152
589 849
201 589
457 201
321 201
396 481
780 481
321 396
596 321
901 321
879 596
780 879
471 457
354 471
911 354
901 911
449 780
5 780
830 5
341 830
889 341
146 889
271 901
11 901
470 271
202 470
478 202
146 478
99 11
855 99
122 855
458 122
308 146
948 146
443 308
386 443
957 386
458 957
610 948
610 449
941 458
265 458
740 265
104 740
674 104
281 674
140 281
907 610
71 610
140 907
427 140
130 140
195 427
71 195
540 130
612 71
629 71
529 612
540 529
629 941
41 540
494 540
492 494
234 492
111 629
61 629
538 111
234 538
214 61
7 234
683 234
247 7
829 247
214 829
502 214
675 214
525 502
288 525
754 288
683 754
675 41
203 675
917 675
929 683
547 683
917 929
347 547
681 917
87 917
236 681
798 236
347 798
686 347
704 347
847 686
564 847
87 564
765 704
724 765
57 203
504 57
724 504
128 87
711 87
242 724
542 724
711 242
410 542
193 711
356 711
653 193
323 653
210 323
410 210
826 356
440 410
749 410
425 440
826 425
749 128
131 749
807 749
535 826
225 826
807 535
876 807
658 807
225 876
734 225
751 225
658 734
215 751
966 131
666 966
215 666
363 215
925 215
432 925
159 432
600 658
429 658
159 600
330 429
421 159
962 159
330 421
757 330
806 330
962 757
928 806
703 363
928 703
772 928
524 928
232 962
753 962
819 232
773 819
150 773
524 150
376 753
698 376
93 698
318 524
199 524
93 318
558 199
30 93
887 93
904 30
283 904
750 283
558 750
673 772
814 673
566 814
571 566
68 571
475 68
816 475
868 816
126 868
403 126
887 403
953 558
374 558
196 887
398 887
374 196
342 398
274 374
299 374
379 274
342 379
848 299
519 342
903 342
27 519
311 27
483 311
286 483
871 286
848 871
866 903
866 953
843 848
812 848
74 866
397 866
812 74
254 397
473 254
33 812
942 812
154 33
899 154
473 899
21 473
921 473
365 21
132 365
523 132
942 523
387 921
387 843
944 387
476 387
267 476
793 267
35 793
434 942
101 942
216 434
248 216
905 248
35 905
870 35
824 35
101 870
1 101
625 101
582 1
824 582
326 944
508 326
275 508
900 275
894 900
2 894
625 2
931 625
553 625
169 824
329 824
569 169
553 569
557 329
951 553
110 553
557 951
583 557
949 557
110 583
949 931
351 110
840 110
834 840
217 834
930 949
129 949
959 930
742 959
217 742
204 217
103 217
129 204
259 129
954 129
487 259
445 487
103 445
954 351
544 103
43 103
782 43
370 954
371 954
782 370
550 371
857 782
788 782
760 857
550 760
671 788
853 550
226 550
105 853
671 105
176 671
251 671
402 176
279 402
226 279
892 544
251 892
935 226
762 226
495 251
781 251
762 495
825 781
294 762
702 762
916 294
825 916
164 825
512 825
119 164
676 119
702 676
725 512
392 725
260 702
401 702
785 260
688 785
392 688
767 401
731 767
304 935
731 304
114 392
661 392
795 661
147 731
616 731
291 147
84 291
795 84
482 795
763 795
408 482
437 408
616 437
726 763
811 726
400 616
837 616
811 400
391 811
416 811
715 391
837 715
48 416
48 114
40 48
348 48
668 837
369 837
451 668
348 451
239 369
614 348
120 348
306 614
821 306
239 821
64 239
345 239
120 64
143 345
543 120
574 120
340 543
118 340
143 118
890 40
515 890
83 515
574 83
705 143
26 143
735 574
651 574
26 735
606 651
406 26
45 26
606 406
393 606
770 606
221 393
45 221
206 45
739 45
770 206
721 705
29 721
739 29
939 739
156 739
641 770
743 770
156 641
897 156
863 156
484 897
743 484
891 743
263 743
349 891
863 349
160 263
522 863
784 863
167 522
447 167
59 447
160 59
95 784
768 95
841 768
841 939
573 160
235 160
9 841
792 841
220 9
235 220
914 235
179 235
420 914
792 420
835 792
679 792
179 835
805 179
827 179
301 805
679 301
922 827
178 922
181 573
178 181
527 178
97 178
58 679
454 679
97 58
69 97
717 97
373 69
860 373
454 860
51 454
67 454
717 51
851 717
17 717
67 851
706 527
912 706
501 912
50 501
682 50
377 682
496 377
17 496
389 17
875 17
107 67
207 67
307 107
497 307
888 497
875 888
655 875
249 875
207 655
85 207
296 207
964 85
56 964
249 56
230 296
693 249
937 249
230 693
937 389
62 230
325 230
933 937
817 937
537 933
913 537
90 913
153 90
325 153
191 325
182 325
817 191
613 182
258 613
430 817
55 817
761 430
258 761
82 258
611 258
80 82
55 80
233 611
722 62
28 722
362 28
161 362
956 161
932 956
233 932
555 55
644 55
895 233
335 233
644 895
709 335
394 644
49 644
709 394
73 709
727 709
854 73
34 854
359 34
670 359
49 670
250 727
189 250
565 189
568 49
559 49
479 568
565 479
188 559
343 565
546 565
867 343
188 867
213 546
155 213
909 155
639 555
828 639
909 828
12 188
920 188
463 909
714 909
920 463
192 920
314 920
180 192
714 180
619 314
832 619
858 714
198 714
138 858
832 138
177 832
518 832
198 177
631 198
716 198
346 631
518 346
593 12
450 593
696 450
422 696
716 422
500 518
488 518
469 716
758 716
488 469
597 488
728 488
758 597
745 728
383 758
541 758
700 383
460 700
42 460
252 42
745 252
831 541
632 831
264 745
466 745
632 264
63 466
52 632
733 632
278 52
13 278
720 13
245 720
63 245
530 500
733 530
446 63
465 63
603 465
360 733
333 733
603 360
456 333
409 603
353 603
456 409
609 456
746 456
799 609
353 799
707 353
287 353
746 707
224 287
747 746
846 746
273 747
224 273
822 446
846 822
965 224
637 224
656 637
823 656
548 823
776 548
800 776
759 800
32 846
331 846
759 32
621 759
752 759
331 621
157 752
302 157
98 331
424 331
241 98
919 241
586 919
507 586
302 507
649 302
246 302
424 649
237 424
877 424
364 237
246 364
591 965
441 591
877 441
144 246
337 246
630 877
315 877
337 630
435 337
200 337
81 435
315 81
332 315
485 315
36 332
200 36
280 485
844 200
536 200
567 844
338 567
280 338
563 280
893 280
536 563
893 144
413 536
172 536
878 893
570 893
404 878
172 404
654 172
510 172
570 654
165 570
845 570
517 165
115 517
624 115
510 624
54 510
350 510
187 54
633 187
554 633
442 554
580 442
845 580
646 350
710 646
883 845
918 845
710 883
882 918
882 413
228 710
915 710
262 882
659 882
100 262
915 100
778 915
602 915
833 778
659 833
53 602
303 53
194 659
777 659
137 194
15 137
303 15
175 303
218 303
777 175
694 218
764 694
622 764
802 777
516 777
886 802
737 886
622 737
47 516
16 622
439 622
741 16
47 741
439 228
174 47
381 47
444 439
648 439
381 444
290 381
642 381
648 290
88 648
910 648
642 88
117 910
102 642
268 642
117 102
78 268
412 117
149 117
808 412
78 808
390 78
581 78
418 390
149 418
148 581
148 174
399 148
744 148
378 149
667 149
744 378
25 667
769 25
723 769
514 723
623 514
663 744
842 744
645 663
623 645
836 623
881 623
842 836
820 881
815 842
549 842
820 815
618 820
938 820
549 618
277 549
585 549
938 277
136 585
926 136
790 399
96 790
572 96
926 572
906 926
534 926
65 938
10 938
880 65
385 880
534 385
480 10
592 534
361 534
480 592
212 480
467 480
539 212
361 539
244 467
521 361
680 361
244 521
775 244
414 244
680 775
367 680
556 680
133 367
414 133
205 556
736 906
579 736
205 579
692 205
183 205
86 183
139 86
209 414
945 414
139 209
8 945
438 8
755 139
298 139
438 755
355 438
708 438
298 355
366 298
240 298
72 366
486 72
708 486
963 708
452 708
240 963
608 240
927 240
452 608
436 927
292 436
320 292
766 692
320 766
669 320
380 320
319 452
699 452
647 319
380 647
797 699
584 380
796 380
797 584
185 797
604 797
796 185
908 604
142 796
162 796
695 142
908 695
415 162
732 908
310 908
313 732
590 313
415 590
89 415
946 415
334 89
310 334
70 310
491 310
874 70
946 874
839 491
253 669
839 253
464 839
411 839
634 411
677 946
222 946
774 677
599 774
388 599
634 388
295 634
79 634
222 295
783 79
729 783
923 222
730 222
672 923
729 672
22 729
643 729
730 22
873 730
357 730
643 873
691 643
109 643
123 691
357 123
327 357
813 357
109 327
211 464
344 211
813 344
285 109
6 109
627 813
462 813
533 627
955 533
6 955
77 462
227 6
506 6
77 227
756 506
576 77
779 77
141 576
756 141
940 756
282 756
779 940
640 779
794 779
282 640
256 794
297 256
562 297
551 562
395 551
803 282
229 282
395 803
862 395
266 395
229 862
339 229
701 229
513 339
605 513
266 605
701 285
594 266
66 266
106 701
678 701
861 106
453 861
595 453
66 595
219 66
748 66
657 219
678 657
902 678
166 678
748 902
520 166
24 748
859 748
520 24
419 520
158 520
859 419
588 859
91 859
158 588
638 158
950 158
91 638
961 950
31 91
934 91
499 31
961 499
934 594
