1220
173 44
515 173
977 515
145 977
72 145
766 273
673 766
29 673
403 29
683 403
420 683
739 420
597 739
80 597
700 80
72 700
133 867
635 133
543 279
635 543
61 72
400 61
400 72
317 400
484 400
484 317
88 484
561 484
561 88
322 561
768 561
949 768
302 322
756 302
79 756
773 79
949 773
482 635
71 635
365 482
676 365
228 676
591 228
103 591
782 103
665 782
291 665
692 291
71 692
337 71
784 71
1 784
887 1
268 887
7 337
541 7
268 541
521 268
821 268
783 821
429 521
624 429
352 624
464 352
970 464
369 970
783 369
831 783
414 783
312 831
171 312
818 171
525 818
82 525
610 82
414 610
975 414
450 414
329 450
823 975
75 823
694 75
97 694
329 97
708 329
195 329
165 949
454 949
331 165
195 331
278 454
520 708
164 520
557 164
942 557
278 942
716 195
774 195
425 774
180 278
718 278
776 180
311 776
425 311
448 718
210 716
630 210
448 630
377 425
545 425
703 545
832 448
850 448
797 832
274 797
338 274
703 338
850 377
235 703
168 703
559 850
861 850
141 559
168 141
861 235
392 168
707 168
189 707
894 861
896 861
516 894
189 516
102 896
594 392
38 594
637 38
326 637
102 326
938 102
222 102
554 189
62 189
222 554
217 938
2 217
254 2
229 254
833 229
45 833
62 45
242 62
686 62
106 686
722 106
114 222
968 222
759 114
355 759
494 355
615 494
722 615
572 968
612 572
375 612
433 242
375 433
548 375
540 375
431 540
650 722
974 722
431 650
586 974
143 548
586 143
237 431
201 431
231 586
161 586
201 231
166 201
438 201
161 166
856 438
856 237
421 161
20 161
55 20
666 856
344 856
480 666
757 480
55 757
115 344
456 55
644 55
786 456
115 786
18 644
185 421
898 185
18 898
981 18
366 18
812 115
743 115
366 812
125 743
705 366
712 366
868 705
125 868
834 712
497 834
814 981
501 814
555 501
497 555
303 125
127 125
3 497
83 497
127 3
348 127
720 127
83 348
729 303
720 729
523 83
94 83
641 94
360 720
835 720
641 360
378 641
927 641
869 378
835 869
204 927
204 523
524 204
603 204
885 835
67 835
603 885
31 67
657 31
714 603
936 603
657 714
205 936
205 524
830 205
290 205
48 290
121 657
350 657
48 121
754 48
51 48
350 754
667 350
740 350
51 667
750 740
234 750
119 830
234 119
428 51
796 51
562 234
871 234
796 562
820 871
978 796
458 796
551 978
820 551
294 458
463 294
609 820
767 820
137 609
42 137
566 42
787 566
502 787
459 502
463 459
15 767
595 15
633 595
633 428
876 463
157 463
325 633
99 633
232 325
932 232
359 932
157 359
902 157
411 157
822 902
748 822
99 748
697 99
846 99
411 697
807 846
931 807
50 931
638 876
972 638
900 972
50 900
672 50
190 50
761 190
789 761
316 789
462 316
233 462
777 411
5 411
233 777
799 233
966 233
5 799
793 5
891 5
92 793
243 92
966 243
272 891
408 272
408 672
245 408
96 408
689 96
239 689
345 966
487 966
498 345
239 498
397 239
416 239
677 397
713 677
47 713
58 47
917 58
487 917
346 416
214 487
951 487
956 214
439 956
100 439
857 100
346 857
721 951
908 721
418 245
908 418
976 346
241 346
621 908
178 908
241 621
680 178
795 680
281 795
967 241
101 241
281 967
888 101
489 281
135 281
608 489
888 608
105 976
176 105
816 176
558 816
837 558
192 837
954 192
507 954
623 507
135 623
367 135
567 135
828 567
505 888
600 888
828 505
804 600
112 804
147 828
485 828
671 147
811 671
912 811
763 912
578 763
112 578
386 112
762 112
247 386
485 247
116 762
889 116
406 367
84 406
401 84
533 401
979 533
328 979
893 328
432 893
889 432
372 485
781 485
628 781
417 628
742 889
741 889
417 742
915 741
477 915
295 477
212 417
111 417
295 212
943 111
46 295
333 295
943 46
443 943
596 943
333 443
596 372
926 333
296 333
430 296
585 430
300 596
269 596
585 300
382 585
765 585
747 382
500 747
441 500
542 441
287 542
269 287
130 269
947 269
27 130
218 27
765 218
321 765
645 765
779 321
156 779
319 156
289 319
947 289
560 645
409 560
553 409
930 553
866 930
167 866
710 167
475 926
710 475
288 710
404 710
647 947
24 947
183 647
240 183
404 240
675 24
175 675
246 175
581 246
107 581
897 107
859 897
33 404
775 404
267 33
188 267
859 188
884 859
848 859
775 884
215 775
711 775
929 215
445 929
843 445
848 843
881 711
384 881
735 384
785 288
284 785
735 284
307 735
569 735
922 569
123 848
270 848
922 123
590 270
435 922
664 922
182 435
149 182
656 149
32 656
778 32
829 778
590 829
552 664
734 552
169 734
36 590
940 590
479 36
169 479
693 169
836 169
940 693
340 836
423 340
788 423
788 307
982 788
76 788
74 940
66 940
76 74
466 66
253 466
614 76
318 76
571 614
253 571
437 318
622 437
580 622
904 253
383 253
580 904
315 383
208 315
800 580
839 580
73 800
131 73
208 131
839 982
874 208
451 208
619 451
842 839
292 839
424 842
172 424
619 172
301 619
452 619
230 301
292 230
865 292
527 292
604 865
452 604
93 452
181 452
213 93
13 213
413 13
56 413
527 56
198 181
652 874
198 652
41 198
330 198
724 527
126 527
179 724
529 179
330 529
89 126
461 330
154 330
89 461
488 154
220 488
70 89
323 89
220 70
4 220
746 220
577 4
361 577
323 361
90 323
280 323
679 90
802 679
746 802
892 280
518 892
236 41
518 236
25 518
196 518
483 746
691 746
196 483
77 196
87 196
691 77
636 87
342 636
53 342
136 691
526 691
155 136
95 155
53 95
845 53
184 53
682 845
434 682
526 434
512 526
651 526
184 512
528 25
427 528
651 427
395 184
499 184
745 651
629 651
499 745
564 499
733 499
634 564
629 634
737 629
613 629
532 737
733 532
349 733
653 733
613 349
815 653
227 613
684 613
815 227
749 684
104 395
509 104
749 509
122 749
726 749
465 726
191 465
447 815
855 815
388 447
191 388
277 855
864 277
34 864
17 34
769 17
544 191
698 191
863 544
769 863
57 698
791 769
474 769
457 791
57 457
60 57
39 57
474 60
398 39
875 398
752 474
849 474
690 752
358 690
875 358
522 849
37 522
513 122
78 513
37 78
574 37
393 37
862 875
481 875
809 862
952 809
335 952
393 335
446 481
402 393
890 393
250 402
649 250
446 649
916 446
200 446
890 916
65 890
334 890
605 65
200 605
819 334
503 200
853 200
709 503
841 709
819 841
113 853
370 113
16 370
146 16
602 574
146 602
744 146
139 146
124 819
389 819
285 124
139 285
493 389
854 139
225 139
617 854
493 617
851 493
618 493
225 851
838 225
347 225
618 838
646 618
883 618
347 646
803 883
399 803
790 399
422 744
790 422
405 347
495 347
471 790
844 790
495 471
306 495
827 495
844 306
308 827
806 308
530 844
934 844
806 530
144 934
632 144
187 632
792 806
258 806
187 792
442 187
913 187
449 442
258 449
913 405
8 258
858 258
668 913
911 913
858 668
506 911
519 858
251 858
506 519
944 506
419 506
251 944
162 251
63 251
419 162
674 419
920 419
919 674
63 919
920 8
85 63
939 63
249 920
659 920
678 249
872 678
939 872
582 659
899 939
202 939
963 899
582 963
549 202
129 549
379 129
873 582
531 582
379 873
283 379
870 379
935 283
30 935
531 30
921 531
964 531
870 921
964 85
961 870
221 870
825 221
575 825
923 964
588 964
794 923
248 794
575 248
568 588
852 575
98 575
568 852
565 98
801 568
736 568
535 801
266 535
565 266
341 736
9 341
170 565
373 565
9 170
751 9
394 9
373 751
261 373
336 373
727 261
394 727
669 336
969 669
969 961
620 394
142 394
390 142
339 969
928 969
390 339
625 928
971 625
81 390
670 390
971 81
537 670
658 971
642 971
626 658
305 626
174 305
537 174
805 537
903 537
642 805
662 903
244 662
808 642
138 642
840 808
910 840
476 910
244 476
223 138
259 244
639 244
223 259
556 639
556 620
732 223
216 223
687 216
579 556
469 556
687 579
772 687
955 687
469 772
467 955
14 469
26 469
467 14
699 26
914 699
86 467
376 467
468 86
648 468
40 648
158 40
764 158
914 764
410 914
980 914
376 410
128 376
695 376
599 128
983 599
980 983
68 695
901 68
298 901
702 732
298 702
510 298
263 298
299 980
211 980
108 299
263 108
415 211
953 415
49 263
117 263
953 49
309 117
343 953
43 953
536 343
309 536
606 43
186 309
310 309
546 186
606 546
381 310
364 381
643 364
256 643
357 256
440 606
486 606
959 440
817 959
514 817
357 514
728 357
810 357
550 728
486 550
847 810
847 510
576 486
21 486
584 847
368 847
21 584
895 368
332 895
723 332
753 21
260 21
723 753
134 723
140 723
260 134
152 260
877 260
140 152
731 877
159 731
28 159
264 140
706 140
320 264
110 320
28 110
878 28
879 28
11 878
148 11
10 148
22 10
706 22
59 576
587 59
207 587
570 207
879 570
64 706
327 706
627 879
407 879
327 627
257 327
973 327
492 257
252 492
407 252
508 973
826 407
118 407
504 826
611 504
508 611
387 118
160 387
371 508
356 508
380 371
160 380
286 160
385 160
470 286
304 470
918 304
696 918
356 696
607 356
906 356
385 607
758 64
906 758
965 385
715 385
444 906
324 906
203 444
798 203
715 798
511 715
701 715
436 511
324 436
905 701
496 905
563 324
601 324
950 563
496 950
293 496
824 496
601 293
654 601
194 601
824 654
206 824
925 824
453 206
860 453
276 860
491 276
262 491
194 262
219 925
219 965
593 194
151 194
313 151
725 219
738 219
132 725
313 132
351 738
472 351
946 313
770 313
472 946
780 770
23 472
54 472
780 23
226 780
490 780
54 226
238 54
960 54
490 238
193 960
209 490
957 490
426 209
193 426
957 593
6 193
592 193
631 957
948 957
592 631
685 592
314 592
948 685
396 948
265 948
314 396
755 265
813 314
297 314
755 813
12 755
353 755
297 12
573 353
354 573
35 354
177 297
197 297
35 177
882 35
924 35
907 882
120 907
197 120
924 6
91 197
255 197
681 255
661 924
583 924
681 661
937 583
473 937
688 681
362 681
473 688
109 473
153 473
362 109
909 362
69 362
153 909
717 153
945 153
69 717
374 69
663 69
945 374
704 663
760 945
19 945
704 760
547 704
771 704
534 547
19 534
933 771
933 91
962 19
616 19
660 933
655 933
616 660
640 655
282 616
163 616
199 282
640 199
460 640
589 640
163 460
886 589
598 886
224 598
719 163
455 163
224 719
271 224
363 224
880 271
455 880
517 455
538 455
363 517
730 363
478 363
538 730
539 538
150 538
412 539
478 412
52 478
391 478
275 52
150 275
941 150
958 150
391 941
958 962
