954 979
495 161
783 246
344 466
156 718
940 917
541 98
219 0
159 636
495 950
704 288
73 659
876 0
855 732
198 300
899 478
842 0
836 320
554 853
534 424
547 889
208 177
694 25
80 164
729 685
17 123
536 465
896 611
93 105
527 3
5 430
441 290
920 239
880 901
402 530
721 249
92 4
15 865
91 154
316 562
13 135
613 691
776 628
125 510
103 548
575 787
846 524
876 606
425 571
195 144
743 760
668 700
165 634
218 464
288 187
387 114
791 180
936 415
844 58
60 671
502 750
953 578
381 314
702 520
252 3
447 799
807 352
558 70
827 413
404 448
803 195
511 701
510 25
418 153
738 353
938 581
767 818
338 26
221 658
812 444
14 115
175 925
206 537
233 0
725 877
492 887
22 155
260 1
869 197
744 705
379 904
311 444
115 97
952 813
605 95
792 83
217 670
187 173
375 416
528 0
706 144
364 464
698 498
780 438
837 568
227 607
334 309
403 123
717 23
31 174
242 307
356 423
875 614
390 248
131 560
585 709
688 872
679 223
137 292
784 437
799 482
944 44
222 0
9 686
12 0
46 715
871 97
642 427
493 714
34 249
408 0
60 73
751 453
324 648
842 206
491 50
456 757
1 34
302 184
580 718
872 804
116 88
421 557
228 297
808 860
824 952
919 728
803 253
654 396
132 651
433 273
373 614
91 782
83 255
257 0
770 771
661 483
291 562
71 140
825 79
603 858
555 0
445 922
494 236
30 16
250 392
854 806
945 887
551 515
724 0
226 661
578 20
295 779
107 563
647 17
2 93
141 748
284 930
764 133
121 507
638 409
428 9
576 296
94 646
221 0
638 29
48 530
370 680
856 176
795 888
692 57
234 894
830 864
128 535
740 100
819 747
56 541
590 106
134 245
342 637
705 152
380 291
669 900
8 671
451 560
795 324
392 371
106 668
838 820
786 0
699 214
280 0
81 574
299 486
89 508
597 916
265 754
508 499
666 37
298 354
87 546
682 839
462 555
129 398
790 930
431 393
873 845
369 125
368 0
893 712
916 210
579 605
697 898
620 260
317 719
663 782
922 953
103 488
305 861
145 943
860 114
26 500
788 326
550 130
788 311
269 182
834 0
85 763
781 620
155 22
239 150
129 224
40 461
24 172
496 51
167 863
282 625
645 435
879 140
642 846
622 687
102 326
309 331
127 523
827 377
263 940
923 76
933 279
182 124
707 747
513 921
881 619
928 421
664 37
926 67
683 445
790 273
207 110
490 411
678 660
745 18
632 814
171 376
553 697
534 36
188 364
672 281
337 6
241 791
772 436
426 0
35 773
69 878
504 365
471 382
505 871
519 164
689 287
816 814
443 538
681 458
271 404
766 810
654 96
381 194
270 786
203 168
523 443
160 547
702 710
834 296
166 869
473 585
911 158
346 112
700 412
173 419
503 6
524 941
192 640
913 162
606 828
32 895
761 429
71 203
762 442
797 0
738 178
810 741
47 79
7 0
927 306
543 72
641 874
862 77
912 909
461 768
340 151
792 691
371 241
7 601
588 74
829 624
509 481
33 762
179 652
342 295
23 772
160 395
866 446
649 868
59 669
884 724
808 500
677 715
201 211
49 200
439 939
889 595
294 604
4 485
201 0
583 712
304 481
778 84
882 422
600 208
405 142
774 520
82 272
325 454
632 739
761 526
372 368
511 262
330 18
859 463
539 10
847 316
716 118
784 737
821 189
69 384
928 809
357 266
593 667
650 193
653 10
472 269
75 112
440 459
314 353
318 561
389 681
412 254
841 90
822 285
169 544
950 565
673 907
807 776
230 104
350 400
518 0
811 448
619 470
100 589
268 436
169 81
657 476
743 722
130 684
603 407
185 298
330 798
553 213
954 829
14 349
449 650
122 836
46 867
235 680
302 389
151 685
726 453
124 822
740 840
181 501
947 131
212 442
861 213
33 936
359 258
531 867
171 809
618 883
621 736
420 428
589 385
932 199
101 211
61 722
143 656
215 212
537 30
275 875
584 832
849 339
53 843
733 270
66 911
676 8
450 726
39 639
126 734
801 367
452 546
552 375
62 378
59 556
660 255
20 870
183 108
935 888
142 0
731 63
775 800
467 912
479 441
279 675
99 457
67 730
242 769
312 312
507 139
564 831
218 480
487 465
852 584
593 220
849 894
163 427
434 741
574 435
932 469
631 0
179 905
320 486
554 264
358 28
231 482
323 105
473 727
851 793
723 902
905 190
942 586
708 369
183 277
891 92
793 247
886 76
21 462
205 489
429 259
484 423
363 351
573 662
366 621
805 78
717 756
190 317
648 45
789 267
246 0
343 347
720 43
489 214
339 0
116 831
643 327
540 380
879 874
446 223
609 610
271 128
768 588
168 591
859 177
361 120
349 54
899 407
186 635
948 191
222 238
675 58
414 556
261 597
522 773
175 785
154 157
571 188
417 679
933 385
224 0
709 754
670 0
43 703
682 580
289 347
625 935
904 63
594 301
502 265
890 321
525 11
293 24
615 816
835 0
596 742
275 401
99 543
65 0
490 374
706 891
823 232
878 742
283 382
501 185
870 127
815 710
569 391
906 165
21 348
493 866
360 805
243 599
5 49
897 244
921 901
31 340
225 386
532 532
416 721
325 730
118 684
248 797
837 209
235 821
472 586
94 457
50 196
645 259
313 598
852 886
40 0
924 561
514 596
263 739
499 281
455 159
244 406
419 101
197 577
447 133
696 925
924 711
649 0
345 274
566 506
600 699
838 360
851 828
27 749
527 89
951 683
512 346
262 590
149 391
333 890
941 331
226 631
152 734
610 341
498 399
422 522
703 903
210 695
225 359
434 900
521 934
355 760
787 411
215 68
119 143
701 630
415 216
544 253
882 452
907 811
548 735
777 885
102 176
11 617
379 796
716 474
286 946
746 266
366 587
929 56
529 497
192 492
636 0
687 335
604 783
945 595
942 437
181 755
261 406
204 184
367 801
559 61
908 737
186 117
202 517
778 318
250 767
848 658
549 843
136 566
136 506
395 374
673 170
855 753
299 45
748 228
630 32
567 256
459 264
579 304
552 785
934 393
193 802
856 284
433 268
946 420
54 280
449 41
509 733
540 323
475 0
794 892
707 817
570 918
835 198
274 714
938 119
880 38
744 402
533 0
536 0
170 315
485 96
217 467
535 759
401 95
898 68
74 243
277 307
641 297
736 229
15 158
695 237
247 770
251 336
572 751
178 487
432 864
287 689
865 858
948 538
765 637
608 348
826 120
313 779
338 512
134 282
917 640
559 655
818 256
267 949
885 655
656 365
410 551
711 644
474 599
440 335
745 157
659 52
55 238
528 431
862 0
517 163
503 825
713 954
418 592
231 634
613 800
167 766
113 341
414 863
121 78
240 752
806 479
628 245
735 308
529 303
947 306
147 408
893 617
286 44
927 87
769 88
690 110
884 471
386 627
230 757
752 148
939 550
780 583
847 857
403 42
405 525
146 149
873 488
753 19
300 122
663 798
28 850
156 174
868 458
51 830
931 430
293 337
36 633
497 896
915 460
64 387
758 35
832 895
283 746
951 209
612 906
137 194
363 276
542 237
653 491
301 229
384 343
394 199
652 820
698 85
854 236
362 0
545 594
303 611
82 455
469 351
677 774
521 696
539 612
322 216
400 591
113 345
148 759
678 902
666 694
456 0
563 635
233 914
468 723
514 135
690 138
672 575
720 358
903 813
756 0
327 399
272 519
877 257
817 376
62 0
515 478
713 64
909 153
278 549
390 643
75 624
920 0
41 294
607 758
815 833
693 276
542 409
913 410
334 432
108 629
688 626
117 573
232 413
598 765
372 139
602 601
609 354
623 476
626 329
819 582
350 608
545 618
305 322
398 918
477 356
191 84
86 86
662 883
388 321
19 0
910 132
141 602
853 781
397 397
518 383
251 616
674 396
107 460
373 65
639 665
789 70
531 16
667 289
207 38
570 908
240 310
377 914
582 66
804 929
581 504
290 0
949 897
336 775
802 477
841 496
166 57
615 252
755 729
292 13
196 576
220 0
674 145
319 622
494 205
344 633
361 676
378 483
463 234
731 285
383 794
777 126
200 12
328 651
219 80
558 569
763 424
315 310
258 438
749 109
388 892
910 0
592 664
72 919
686 708
915 587
47 111
202 2
771 454
278 55
27 840
557 0
627 104
568 937
161 881
162 0
857 90
417 839
468 138
355 824
926 505
567 180
53 812
227 470
513 616
692 480
704 42
629 564
732 826
52 172
439 204
352 823
147 425
727 725
426 764
923 254
39 0
362 319
728 646
484 750
48 850
516 516
577 931
719 0
845 623
833 357
657 308
29 533
693 475
937 644
466 394
146 665
150 111
450 796
565 370
77 944
98 329
328 333
526 943
189 451
647 109
848 844
332 332
572 0
