1135
371 617
418 617
390 371
418 931
137 390
437 390
348 137
437 283
632 707
219 348
843 348
601 219
632 601
914 843
914 211
772 24
376 418
557 418
772 376
294 557
354 294
354 238
618 354
852 354
582 618
663 195
852 663
687 437
865 437
82 687
266 865
612 266
734 612
734 455
308 373
306 308
287 82
644 82
306 287
458 644
370 306
304 306
458 370
448 304
150 448
639 150
424 639
755 424
372 755
372 640
451 142
590 451
16 372
183 372
590 16
547 458
711 458
183 547
752 711
254 870
752 254
655 85
416 183
403 183
655 416
881 403
278 881
119 278
763 582
568 582
119 763
388 430
568 388
29 119
705 119
303 29
179 303
449 303
705 179
449 839
281 449
904 449
610 281
525 610
798 525
484 904
260 484
884 568
890 568
260 884
890 556
314 260
662 260
400 314
659 662
19 400
922 400
795 19
523 795
919 523
659 919
922 896
34 549
677 34
242 590
529 590
190 242
452 190
205 452
224 205
677 224
517 529
443 517
690 443
58 632
706 632
739 58
163 739
71 163
690 71
953 706
812 953
551 812
243 655
915 655
129 243
8 129
551 8
431 664
915 431
262 255
350 262
203 551
115 551
225 203
350 225
630 350
184 350
115 630
580 115
791 115
345 580
263 345
745 263
184 745
333 439
778 333
791 778
330 184
906 184
684 330
6 906
867 659
151 659
742 867
6 742
692 6
628 6
151 692
240 628
187 240
187 650
918 94
875 918
139 151
174 151
829 139
875 829
485 174
713 187
542 187
485 713
876 485
97 485
542 876
503 14
625 503
97 625
21 97
250 97
45 21
837 250
325 45
741 45
837 325
292 741
573 292
668 573
531 668
301 542
465 542
130 301
401 130
783 401
414 783
531 414
579 465
40 531
952 531
579 40
56 611
952 56
192 691
141 579
905 579
192 141
756 905
227 756
299 227
597 192
268 192
631 597
340 631
299 340
441 299
51 299
15 441
268 15
198 268
805 268
823 198
214 823
51 214
709 805
175 709
606 175
606 753
728 36
504 51
405 51
160 504
728 160
385 606
513 606
276 385
703 276
113 703
405 113
253 513
888 253
577 405
652 405
888 577
581 677
410 677
652 581
277 723
410 277
186 410
735 410
550 186
213 735
675 213
592 550
649 550
675 592
935 649
57 652
337 652
704 57
935 704
743 675
942 675
337 743
501 942
18 337
724 337
937 18
813 937
501 813
265 724
657 265
637 657
11 637
712 535
695 712
11 695
180 658
447 11
90 11
180 447
143 90
836 143
298 180
785 180
841 298
836 841
118 785
326 118
850 326
67 850
718 501
105 501
9 718
67 9
750 67
218 67
170 750
105 170
461 218
818 461
899 818
270 105
49 105
899 270
293 49
947 293
947 710
860 239
583 684
335 684
860 583
920 335
87 690
787 690
584 87
920 584
667 705
125 705
787 667
173 728
411 728
125 173
505 125
820 125
392 505
593 392
411 593
908 820
643 908
457 643
898 96
61 898
197 61
393 197
457 393
77 411
248 411
145 77
46 145
558 46
545 46
248 558
364 248
716 248
545 364
683 716
777 457
946 457
228 777
903 228
624 903
683 624
267 946
882 545
641 545
426 882
267 426
33 641
112 33
717 153
112 717
476 112
344 112
35 476
207 344
508 207
653 508
759 653
480 759
217 480
148 35
220 35
217 148
621 220
869 217
686 217
621 869
801 686
746 801
679 746
770 267
646 267
679 770
104 621
490 621
880 104
316 880
646 316
407 490
429 407
389 646
567 646
429 389
917 567
917 924
3 429
391 429
793 3
623 793
135 623
950 135
286 135
941 950
391 941
528 286
727 528
438 727
488 391
591 391
656 488
438 656
802 438
486 438
636 802
31 636
121 31
591 121
910 591
585 591
486 910
519 585
518 486
729 486
615 518
599 615
519 599
729 375
234 131
808 519
379 519
234 808
247 379
387 234
237 234
247 387
608 247
76 247
237 608
470 237
815 237
76 470
349 815
282 349
204 76
754 76
132 204
450 132
336 450
282 336
402 282
680 282
754 402
680 165
310 144
474 679
588 679
221 474
310 221
48 588
477 310
635 310
840 477
688 840
48 688
123 48
887 48
635 123
319 635
861 635
887 319
440 861
149 440
824 680
497 680
733 824
158 733
149 158
651 149
466 149
497 651
12 497
878 497
466 12
878 106
819 466
800 466
672 819
10 672
786 672
800 10
456 683
552 683
786 456
412 729
773 729
552 412
789 552
64 552
307 789
196 307
773 196
871 64
720 734
811 734
871 720
473 811
413 473
901 752
108 752
355 901
397 355
413 397
487 108
322 413
540 413
216 322
889 216
806 889
487 806
520 101
540 520
502 487
832 502
832 487
394 540
100 540
587 394
404 587
100 404
541 100
607 100
202 541
689 202
748 689
524 748
607 524
291 607
764 607
853 764
72 291
749 72
261 749
226 261
851 226
853 851
533 754
43 754
830 533
26 830
346 26
681 346
571 681
913 571
554 913
398 554
43 398
13 43
932 43
62 932
47 772
116 772
934 47
892 934
784 892
182 784
751 182
62 751
945 116
780 945
249 780
249 13
134 62
124 62
189 124
212 249
236 249
189 212
352 134
236 352
862 189
38 189
685 38
63 236
572 236
938 63
821 938
685 821
507 862
939 507
572 939
78 572
788 572
468 788
538 468
169 685
849 685
633 169
948 633
833 948
538 833
417 849
417 78
872 417
682 417
697 538
422 538
408 697
682 408
722 872
422 722
603 422
506 422
396 506
779 682
897 682
445 779
509 445
98 509
396 98
578 603
574 578
897 574
327 396
769 396
693 773
425 773
769 693
320 769
642 769
537 320
20 537
425 20
178 642
178 327
454 178
596 178
792 425
334 425
596 792
193 334
359 596
796 596
193 359
177 454
696 177
510 696
796 510
215 193
586 193
740 786
929 786
353 740
586 353
269 929
698 586
842 586
30 698
857 30
269 857
842 215
627 269
595 269
311 595
382 787
146 787
464 382
168 464
315 168
311 315
602 311
864 311
146 602
864 627
60 146
122 146
356 122
855 791
834 791
91 855
356 91
495 356
297 356
834 495
328 297
50 796
701 796
838 50
700 838
328 700
911 701
201 60
790 201
911 790
933 328
231 328
103 798
629 798
259 103
312 259
231 312
436 629
809 436
59 809
54 231
570 231
927 54
27 927
725 27
634 725
835 634
59 835
107 570
188 107
526 59
803 59
907 526
285 907
762 285
767 762
222 767
188 222
251 803
251 933
23 188
622 188
879 622
280 879
514 280
156 251
444 251
514 156
317 444
206 514
926 514
317 206
949 926
323 949
200 317
868 317
844 200
616 844
323 616
868 23
548 323
95 323
912 800
41 800
647 912
95 647
305 41
136 95
117 95
114 136
305 114
605 305
886 305
117 605
731 886
378 548
731 378
482 117
258 117
721 731
232 731
152 721
258 152
358 232
496 358
208 496
874 258
32 258
895 874
360 895
208 360
921 208
951 208
32 921
80 482
460 80
736 460
894 736
951 894
719 32
86 32
699 86
89 832
70 832
309 89
699 309
68 699
380 699
70 68
645 380
877 70
494 70
645 877
53 494
185 645
544 645
944 185
53 944
478 53
600 53
536 478
433 536
564 433
544 564
209 600
930 209
302 719
930 302
273 544
828 544
274 834
614 834
828 274
794 828
521 828
614 794
532 614
406 614
521 532
338 521
275 521
406 338
84 275
25 84
420 406
654 406
483 420
891 483
25 891
111 654
757 111
757 273
81 25
848 25
110 848
831 110
694 831
279 694
481 279
157 481
272 157
256 272
342 256
613 757
191 757
342 613
563 191
2 342
923 342
563 2
93 923
284 563
604 563
678 284
93 678
804 604
432 93
674 93
925 432
804 925
7 674
147 804
732 804
730 147
7 730
515 732
909 515
909 81
619 7
419 7
245 836
366 836
419 245
52 366
858 419
589 419
74 858
859 74
339 859
555 339
52 555
73 589
109 73
365 109
321 52
669 52
737 321
365 737
747 365
498 365
609 747
669 609
37 498
714 669
744 669
845 714
37 845
744 619
369 37
199 37
324 199
295 324
807 295
357 744
381 744
475 357
39 475
534 39
807 534
893 381
235 807
223 807
856 235
893 856
467 837
940 837
223 467
409 223
469 223
1 409
940 1
774 842
797 842
726 774
469 726
499 369
230 499
797 230
462 469
155 469
539 155
161 539
229 161
65 229
816 65
313 816
626 797
210 797
313 626
194 210
522 313
827 313
194 522
88 194
776 194
676 88
167 676
827 167
928 827
42 827
671 928
776 671
560 776
799 776
172 560
435 172
42 435
244 462
673 244
289 673
799 289
847 42
575 42
363 799
5 799
575 363
463 575
492 575
120 463
133 120
341 133
491 341
516 491
479 516
395 479
17 395
159 17
5 159
423 492
66 423
594 5
128 5
66 594
530 128
92 66
566 66
99 92
530 99
863 530
873 530
566 863
427 873
181 427
559 181
559 847
271 559
4 559
421 4
374 566
782 566
421 374
127 782
771 421
810 421
936 771
127 936
761 810
428 761
817 127
331 127
428 817
511 331
854 428
79 428
511 854
83 511
22 511
415 83
79 415
44 79
140 79
22 44
825 140
825 271
246 22
866 22
384 866
241 825
361 825
384 241
661 384
512 384
361 661
546 512
69 546
765 69
489 361
399 361
383 489
765 383
164 765
885 765
399 164
620 399
472 399
885 620
648 472
138 852
171 852
569 138
715 569
648 715
665 171
343 665
343 246
300 343
826 343
28 648
166 648
826 28
442 826
760 826
543 442
75 543
166 75
702 166
257 166
708 702
760 708
562 257
916 562
666 760
126 760
916 666
55 853
471 853
768 55
126 768
162 471
459 126
576 126
368 459
162 368
902 162
500 162
576 902
527 500
561 576
822 576
883 561
527 883
822 300
102 527
553 527
296 822
329 822
553 296
351 553
846 553
446 351
329 446
766 846
347 766
638 329
252 329
347 638
154 347
318 347
943 154
252 943
264 252
493 252
386 264
318 386
660 493
362 318
288 318
660 362
670 660
332 660
288 670
565 288
290 288
332 565
738 332
781 332
176 738
758 176
775 758
290 775
781 102
