960 961
375 60
546 395
628 13
282 491
795 495
788 337
290 429
804 645
452 744
190 252
538 356
571 670
650 478
254 114
434 161
409 269
850 652
500 54
147 922
766 6
436 146
717 331
811 497
375 719
393 649
856 49
889 405
451 128
134 717
591 446
295 173
175 951
572 66
238 606
195 946
361 865
396 76
153 530
613 99
147 317
83 191
744 917
907 575
121 669
696 579
706 755
138 309
276 450
770 470
449 639
517 673
631 235
764 693
250 730
551 895
297 300
509 764
56 164
708 949
440 428
172 578
455 881
743 920
55 827
790 277
904 218
527 547
831 626
209 611
950 228
738 954
526 492
909 117
179 411
218 901
720 813
505 581
37 923
413 334
284 406
543 592
180 467
734 277
892 220
292 27
24 714
107 608
899 446
165 414
143 43
127 394
325 37
345 327
10 550
911 138
873 902
79 680
152 180
724 294
484 386
362 209
536 781
577 649
416 524
539 598
870 509
882 484
118 388
715 648
53 537
833 715
584 898
538 394
5 340
113 893
523 657
450 723
358 421
684 130
58 875
918 486
275 591
867 425
385 558
597 341
605 857
610 174
940 756
275 556
958 712
795 595
42 241
458 303
26 778
448 911
237 956
479 503
926 178
312 452
849 943
834 577
133 635
424 529
306 603
931 751
537 723
599 808
8 553
530 248
704 458
182 232
400 381
230 926
46 466
599 823
855 725
381 14
120 378
861 940
557 268
802 835
581 854
460 843
520 672
417 615
688 22
671 271
564 545
294 659
681 891
315 419
65 40
25 953
32 201
815 868
289 215
569 454
372 387
930 849
645 448
742 653
485 656
512 440
82 278
916 383
899 466
760 737
658 681
97 674
796 861
851 233
435 651
426 880
207 479
942 910
467 195
942 693
617 567
123 333
699 151
235 787
56 496
486 383
344 843
781 536
663 502
307 793
48 163
774 33
750 925
912 565
335 910
633 315
219 30
759 196
948 481
230 202
42 203
309 631
173 888
476 657
660 858
790 39
797 78
872 318
860 468
635 498
447 339
590 621
417 157
960 745
857 320
199 373
918 22
472 398
351 647
422 578
20 643
757 906
874 848
326 330
285 708
168 704
702 580
279 418
665 329
115 694
492 41
404 471
811 960
6 38
875 60
5 579
270 433
127 494
408 139
890 908
76 870
463 347
502 771
348 561
921 512
477 231
326 21
35 487
881 86
941 780
238 820
504 809
793 295
216 172
908 403
260 175
552 711
750 705
769 776
368 29
333 819
185 618
403 473
156 667
712 258
335 685
868 259
15 211
132 747
350 460
3 941
618 871
858 74
515 241
248 572
31 282
692 108
296 262
615 189
53 490
853 921
87 112
359 52
93 716
791 533
510 149
954 736
805 129
947 812
193 633
886 944
540 342
590 445
832 397
732 804
354 829
405 584
411 924
110 75
624 243
189 716
610 706
406 274
544 871
208 554
181 311
88 401
223 535
472 313
668 336
777 485
422 85
206 646
59 731
877 785
234 133
481 627
462 563
671 80
391 575
432 805
947 62
833 824
414 619
499 749
328 585
369 39
40 415
831 357
137 480
516 889
412 759
555 424
647 948
240 775
141 162
107 17
719 140
550 683
247 1
402 823
374 820
257 535
94 410
161 912
0 0
508 602
775 664
442 342
187 761
329 746
513 762
102 691
265 753
703 814
607 191
797 685
854 903
498 703
352 324
617 105
155 239
222 67
879 711
595 956
847 815
54 288
84 778
582 767
61 126
816 644
69 7
221 718
920 838
830 179
794 156
531 28
316 665
150 518
745 789
812 317
399 482
304 846
328 369
233 758
661 255
607 698
748 362
786 832
213 110
583 115
841 932
198 79
554 59
457 676
746 236
419 332
653 613
772 213
289 145
608 794
634 773
325 11
709 791
77 822
753 443
373 444
803 224
576 16
171 141
245 321
256 154
379 384
157 521
950 376
57 363
646 92
312 119
26 36
787 299
501 894
459 507
935 567
814 396
680 752
869 160
789 286
473 134
231 679
176 293
867 528
14 263
726 906
353 850
739 367
131 345
733 573
454 802
532 504
864 338
684 69
738 268
70 929
638 400
429 596
758 616
938 539
893 874
130 756
565 887
765 754
760 451
776 31
427 247
178 350
389 246
880 666
2 365
722 640
478 431
330 272
496 13
169 459
97 866
227 768
768 188
934 336
184 625
47 18
887 799
64 724
683 612
714 94
67 413
644 206
92 284
783 604
151 588
384 542
493 900
752 695
546 900
663 506
528 158
251 119
380 346
382 356
751 873
214 427
542 845
936 4
541 290
609 959
190 126
896 863
589 46
901 50
433 594
606 763
602 98
570 377
952 361
566 292
43 95
943 770
267 449
221 952
630 212
421 853
825 872
792 570
30 552
227 747
625 430
818 557
338 884
140 523
367 250
730 222
19 296
798 370
77 137
621 297
643 957
278 36
388 699
135 368
475 84
253 306
104 534
162 801
364 739
33 314
299 124
670 283
822 167
474 197
740 914
71 355
669 323
166 436
925 27
442 859
217 120
801 463
32 68
675 769
937 83
619 761
240 576
792 511
410 319
111 407
786 205
623 434
749 677
11 276
878 593
596 144
783 866
476 697
50 34
603 958
694 88
390 477
847 48
177 774
903 571
902 23
220 707
366 732
762 945
226 420
273 145
9 412
800 340
914 682
930 401
559 513
488 389
136 494
545 242
211 302
95 735
737 391
378 45
346 852
819 907
28 281
624 726
344 674
377 826
898 816
566 256
553 109
249 122
835 686
932 882
852 842
676 455
23 9
261 194
779 183
824 876
139 583
252 103
301 63
573 700
469 106
611 828
310 10
878 108
101 2
580 524
924 748
123 164
839 597
149 709
135 927
913 305
697 132
303 817
51 279
456 519
721 879
807 404
186 505
239 266
212 8
52 525
568 511
321 273
695 574
700 72
18 81
259 939
365 163
44 264
666 423
616 261
72 541
527 547
302 386
529 638
740 522
632 186
946 304
331 636
112 519
287 851
892 435
188 913
105 160
159 727
690 710
876 648
244 696
728 909
586 582
148 562
81 650
522 280
949 90
845 260
951 102
705 232
263 555
629 905
598 217
199 266
114 605
323 166
89 883
798 15
300 73
91 287
725 270
840 782
957 885
763 439
686 836
507 500
251 710
839 155
12 229
475 626
549 150
612 267
184 534
98 170
846 257
664 629
146 64
283 392
420 654
125 176
35 244
933 810
587 89
562 374
21 62
74 928
474 609
468 692
258 587
677 551
622 515
359 869
99 896
656 264
885 159
838 181
360 207
58 136
548 525
837 915
423 253
357 915
38 516
945 121
490 80
637 51
116 169
828 445
324 352
614 305
503 285
655 143
568 461
347 360
782 586
339 772
895 655
713 103
101 939
7 174
194 113
691 919
3 372
642 168
165 718
343 736
34 426
249 733
493 585
390 488
196 543
109 779
589 398
809 620
800 371
93 713
689 682
701 662
808 668
799 904
707 187
654 125
322 20
841 465
636 936
316 922
418 632
16 298
526 85
741 826
224 68
773 116
588 308
311 322
784 437
495 269
205 65
392 728
689 243
627 265
441 457
464 927
888 601
489 721
558 193
803 237
314 806
82 154
510 87
544 886
281 825
883 955
785 96
698 192
687 564
431 520
491 637
788 382
741 204
836 855
662 185
727 198
288 366
255 661
829 531
891 743
242 408
840 651
425 628
517 395
355 215
480 780
955 623
594 938
229 548
49 447
818 862
444 702
204 111
41 370
96 675
416 353
810 658
106 456
862 673
865 142
884 153
100 720
506 894
144 532
1 214
12 387
438 104
319 254
200 767
291 226
182 560
722 757
439 438
482 634
443 122
827 91
272 71
821 652
124 453
453 399
592 931
729 307
842 47
78 129
549 402
167 935
497 489
620 897
688 245
203 210
944 679
848 864
210 379
928 301
556 313
574 933
428 358
407 765
332 514
274 354
298 393
919 291
216 483
508 844
731 118
286 934
246 170
437 208
614 337
959 197
777 44
701 540
234 690
640 561
641 351
604 202
158 128
4 100
376 57
45 729
29 219
521 61
844 859
834 409
117 877
63 25
630 667
90 171
734 343
563 890
86 385
514 441
183 17
371 754
813 462
953 24
600 642
735 152
73 830
225 559
821 796
863 742
487 461
470 70
560 837
271 228
293 622
659 600
672 131
771 19
469 533
678 465
262 280
415 200
148 430
601 569
349 856
363 923
327 784
929 687
755 341
639 310
201 905
320 364
806 177
860 678
897 641
471 807
223 499
75 349
397 142
464 518
483 593
817 225
318 766
917 432
916 236
192 937
66 55
334 660
308 380
501 348
