1117
66 73
645 66
645 73
283 435
25 283
425 25
492 425
535 492
414 535
689 414
689 435
524 645
595 524
800 595
800 645
45 689
816 45
816 689
511 800
596 511
807 596
707 807
474 707
793 474
14 793
701 14
515 701
703 515
780 703
860 780
826 860
867 826
867 800
56 816
436 56
748 436
195 748
399 195
609 399
76 609
897 76
897 816
55 867
314 55
329 314
115 329
112 115
876 112
271 876
588 271
91 588
447 91
562 447
799 562
763 799
571 763
904 571
894 904
449 894
317 449
83 317
919 83
919 867
694 897
933 694
933 897
872 919
675 872
65 675
426 65
499 426
870 499
11 870
42 11
316 42
253 316
378 253
177 378
78 177
296 78
348 296
834 348
174 834
547 174
752 547
880 752
48 880
660 48
757 660
31 757
909 31
420 909
934 420
934 919
173 933
882 173
494 882
531 494
310 531
308 310
377 308
823 377
237 823
727 237
184 727
40 184
745 40
950 745
950 933
39 934
662 39
646 662
568 646
395 568
864 395
749 864
212 749
223 212
607 223
818 607
667 818
384 667
313 384
306 313
605 306
487 605
477 487
953 477
737 953
639 737
362 639
219 362
417 219
413 417
450 413
671 450
857 671
370 857
532 370
960 532
960 934
630 950
305 630
200 305
875 200
520 875
810 520
959 810
555 959
110 555
717 110
546 717
678 546
257 678
178 257
340 178
325 340
839 325
274 839
145 274
631 145
911 631
62 911
72 62
373 72
636 373
131 636
4 131
968 4
968 950
416 960
706 416
794 706
281 794
501 281
521 501
730 521
553 730
565 553
18 565
392 18
144 392
822 144
221 822
523 221
441 523
825 441
456 825
829 456
67 829
733 67
312 733
969 312
969 960
574 968
143 574
898 143
227 898
108 227
213 108
616 213
542 616
6 542
974 6
974 968
824 969
320 824
670 320
623 670
391 623
808 391
729 808
563 729
545 563
233 545
307 233
756 307
975 756
975 969
126 974
534 974
439 126
482 439
19 482
333 19
192 333
611 192
912 611
961 912
132 961
534 132
52 534
657 534
767 657
58 767
455 58
654 455
813 654
813 52
613 813
674 813
674 613
136 674
772 674
326 772
761 326
842 761
796 842
838 136
796 838
16 796
580 796
162 16
788 162
821 788
626 821
578 626
792 578
580 792
718 580
830 580
111 830
49 111
655 49
327 655
754 327
89 754
900 89
901 718
900 901
550 900
871 900
218 871
396 218
193 550
396 193
811 396
408 396
598 811
602 598
169 602
836 169
175 836
536 175
63 536
877 63
344 877
194 344
632 194
254 632
809 254
408 809
397 408
913 408
514 913
146 514
516 146
369 516
105 369
519 105
483 519
862 483
828 862
454 828
470 454
376 470
881 376
566 881
387 566
88 387
957 88
190 957
250 190
165 250
165 397
101 165
68 165
929 101
148 929
383 148
222 383
557 222
363 557
380 363
615 380
896 615
942 896
338 942
82 338
928 82
7 928
216 7
491 216
345 491
349 345
330 349
805 330
831 805
244 831
299 244
775 299
603 775
668 603
746 668
750 746
68 750
683 68
946 68
153 683
418 153
168 418
581 168
261 581
946 261
343 946
815 946
702 343
280 702
375 280
453 375
505 453
161 505
948 161
844 948
941 844
944 941
293 944
489 293
104 489
541 104
385 541
497 385
444 497
815 444
785 815
407 815
124 785
332 124
37 332
940 37
57 940
210 57
289 210
75 289
951 75
577 951
34 577
179 34
777 179
268 777
341 268
728 341
766 728
151 766
53 151
466 53
437 466
33 437
407 33
264 407
952 407
322 264
739 322
931 739
475 931
279 475
518 279
81 518
5 81
99 5
485 99
930 485
409 930
544 409
262 544
364 262
400 364
476 400
527 476
85 527
266 85
206 266
196 206
139 196
597 139
540 597
197 540
360 197
422 360
464 422
952 464
556 952
209 952
236 556
789 236
386 789
684 386
513 684
217 513
461 217
720 461
776 720
180 776
955 180
331 955
575 331
567 575
166 567
17 166
956 17
424 956
74 424
372 74
29 372
480 29
850 480
443 850
403 443
688 403
209 688
406 209
44 209
892 406
916 892
543 916
359 543
548 359
843 548
760 843
440 760
404 440
467 404
665 467
318 665
610 318
140 610
225 140
102 225
259 102
798 259
103 798
342 103
964 342
459 964
44 459
966 44
304 44
863 966
164 863
304 164
797 304
448 304
787 797
640 787
753 640
90 753
770 90
46 770
859 46
781 859
672 781
270 672
87 270
202 87
971 202
593 971
50 593
888 50
423 888
510 423
389 510
230 389
617 230
708 617
879 708
448 879
137 448
977 448
938 137
402 938
847 402
335 847
731 335
30 731
586 30
298 586
171 298
410 171
837 410
835 837
977 835
695 975
183 975
591 695
47 591
855 47
804 855
978 804
130 978
579 130
22 579
106 22
868 106
680 868
388 680
287 388
587 287
432 587
260 432
606 260
183 606
468 183
252 183
350 977
353 977
252 350
686 353
751 686
199 751
434 199
401 434
187 468
401 187
714 252
69 252
198 401
638 401
121 198
61 121
69 61
638 714
719 69
786 69
357 638
698 638
381 357
890 381
786 890
721 698
765 721
765 719
458 765
493 765
301 493
560 301
742 786
157 786
560 742
328 560
599 560
157 328
858 599
526 858
23 458
351 23
394 351
526 394
704 157
832 157
240 832
561 526
472 526
647 561
240 647
486 472
762 240
771 240
773 762
300 773
486 300
275 771
275 704
215 275
676 275
691 486
633 486
167 691
285 167
71 285
676 71
201 676
774 676
28 201
681 28
633 681
849 215
899 849
945 899
356 945
508 356
774 508
506 633
530 633
243 774
428 774
442 243
530 442
247 530
908 530
736 247
238 736
907 238
725 907
428 725
290 908
231 290
255 506
231 255
120 231
576 231
712 428
152 428
96 712
740 96
656 740
576 656
263 576
926 576
152 263
600 926
239 120
910 239
319 910
323 319
600 323
538 152
269 152
358 269
512 358
873 600
419 600
512 873
367 419
113 367
682 113
122 682
160 122
696 160
315 696
433 315
889 433
679 512
129 512
889 679
226 889
782 889
303 226
125 303
970 125
129 970
334 538
583 334
117 583
659 117
973 659
782 973
866 129
54 129
207 54
687 207
457 687
460 782
709 782
554 460
309 554
142 309
457 142
86 457
172 457
150 86
265 150
819 265
346 819
141 346
709 141
517 709
127 709
592 517
228 592
172 228
133 866
127 133
208 127
114 127
624 114
267 172
533 172
791 267
624 791
537 624
438 624
214 537
865 214
886 865
533 886
452 438
726 452
851 726
711 533
935 533
918 711
851 918
661 208
628 661
272 628
935 272
446 851
241 851
891 935
884 935
366 891
463 366
241 463
188 884
186 241
109 241
972 186
149 972
188 149
229 188
963 188
109 229
963 446
735 109
743 109
820 743
629 820
445 963
393 963
758 445
629 758
205 393
93 629
569 629
589 93
235 589
608 235
232 608
205 232
336 569
181 205
462 205
291 181
724 291
856 724
625 856
336 625
32 336
361 336
355 32
627 355
854 627
462 854
893 735
914 893
361 914
51 361
741 361
802 741
20 462
100 462
802 20
251 802
552 802
36 251
479 36
100 479
784 100
658 100
211 784
552 211
339 658
769 339
471 769
564 552
848 552
234 564
905 234
795 905
471 795
97 848
116 97
116 51
949 116
469 116
642 469
504 471
734 471
484 504
295 484
297 295
693 297
621 693
421 621
642 421
371 734
98 371
585 642
347 642
98 585
170 347
430 98
35 98
713 430
170 713
920 170
570 170
365 920
203 365
35 203
84 570
947 949
256 947
84 256
572 35
895 35
962 84
412 84
895 962
478 412
690 478
182 895
573 895
354 182
465 354
690 465
878 690
286 690
573 878
539 573
967 573
286 539
242 572
812 242
738 812
191 738
649 191
967 649
337 286
95 286
507 95
496 507
147 967
705 967
496 147
398 705
321 398
648 496
134 496
321 648
246 134
783 246
138 783
618 138
715 321
451 321
618 715
77 451
509 618
525 618
77 509
673 525
2 77
601 77
778 2
528 778
932 528
673 932
619 337
965 619
601 965
604 601
887 601
64 887
80 64
155 673
302 673
80 155
699 80
779 80
302 699
245 302
382 302
481 245
220 481
814 220
779 814
559 382
278 559
248 278
925 248
620 925
958 620
558 779
846 779
643 558
10 643
958 10
473 846
224 958
917 958
927 224
13 927
473 13
917 604
38 473
352 473
716 352
311 917
79 917
716 311
677 716
390 716
79 677
276 390
923 79
258 79
276 923
163 258
9 276
273 276
163 9
154 163
431 163
803 154
806 803
273 806
845 431
488 273
732 273
922 488
845 922
869 732
700 869
653 700
653 38
841 653
885 653
1 845
15 845
159 1
885 159
790 15
374 885
135 885
551 374
790 551
529 790
405 790
937 529
827 937
669 827
135 669
379 135
622 135
405 379
924 405
644 405
614 924
582 614
94 582
622 94
759 622
939 622
644 759
249 939
490 841
123 490
249 123
663 249
26 249
874 26
902 644
883 644
24 902
590 24
874 590
119 874
637 874
883 119
906 883
685 883
637 906
502 685
801 502
503 637
3 637
801 503
107 801
584 801
764 107
3 764
128 584
723 128
853 3
294 3
723 853
976 663
415 976
294 415
8 294
634 294
324 634
852 723
817 723
70 852
324 70
915 324
833 324
204 915
817 204
500 833
288 817
594 817
427 288
500 427
664 594
60 500
156 500
755 60
92 755
664 92
722 156
282 722
612 664
12 664
652 612
282 652
744 282
522 282
12 744
943 522
292 12
635 12
936 292
943 936
368 635
921 368
921 8
21 921
840 921
747 943
903 943
840 747
697 903
495 697
176 840
43 840
495 176
768 43
954 495
41 495
861 954
641 861
189 641
768 189
158 768
650 768
41 158
498 41
429 41
650 498
118 429
284 118
692 284
549 692
277 650
185 650
666 277
549 666
27 549
651 549
411 27
710 411
185 710
59 21
651 59
