4000
1055 1398
109 2767
2857 799
1447 959
2343 1776
2462 209
3964 924
3429 2672
1885 458
750 905
715 327
458 1822
2677 3510
2825 2912
114 147
3579 2604
2153 3140
3063 3507
1767 1987
2928 718
3261 62
1042 1441
2089 1729
2859 1804
1296 1498
2955 1155
1639 580
3433 1996
1247 1507
2066 3169
3899 714
2566 791
1039 3416
3230 2322
674 1570
2392 576
2352 3361
2241 57
3635 3528
2327 1497
3055 601
3493 998
343 2739
688 1187
2736 1392
146 617
2564 3935
1094 2525
636 137
1722 1347
1432 487
1140 689
1752 1468
3103 856
1670 3182
1443 2379
3871 3297
1797 192
3828 3916
3325 3280
142 3448
192 3157
2997 2849
3623 2403
499 2644
1452 3216
3738 2618
144 1895
2219 3468
794 1186
1984 79
1272 2889
679 3471
661 909
46 1249
2498 2142
1973 786
2522 3813
2168 1832
3679 896
2203 2757
227 888
1950 3832
2641 3402
3645 267
1739 1837
3437 152
2459 2140
2617 2686
3558 338
3086 743
589 3135
672 2222
1063 2518
793 3638
3374 2816
2316 246
1403 2378
2860 1244
1948 536
1362 1599
1502 2543
2279 1373
318 3962
274 2729
2509 1984
2399 2844
3239 2751
3788 3311
952 1777
3202 2424
996 451
1293 2587
3816 1323
549 563
633 1846
702 398
2871 3655
795 2955
1417 774
1550 2638
3959 3897
2257 3732
3342 2199
1291 1325
2164 762
1665 1472
3243 2942
2948 1005
691 119
1742 731
2689 1957
5 1792
1682 1967
1626 3398
1453 1329
2169 2202
1074 3121
1905 2648
1804 2053
3832 2984
652 787
1410 1749
3217 3571
1529 498
649 1839
2021 3667
1667 953
2054 613
666 1765
2906 3000
1961 720
948 1828
2317 3818
1112 1952
708 3178
2162 2717
165 3474
616 1760
2646 1919
1061 1625
1604 525
2077 724
2813 11
3716 1897
2896 3089
2145 3083
2047 857
2250 117
449 1393
807 1994
2856 3599
3235 3330
386 1336
2705 2012
1317 1617
686 578
2163 1850
3236 623
655 2176
3956 3924
2766 3097
391 1486
1599 1550
1209 1275
219 2113
3700 445
1143 177
2165 2857
1197 3294
1058 1419
120 3863
2475 3764
1659 447
489 178
106 3218
1258 1457
3952 3814
713 3808
3166 3679
738 1892
474 2266
3759 2360
1290 3206
1068 361
261 2590
2115 1299
1863 1691
288 3957
536 1802
523 2806
2687 2094
2961 2891
2605 3838
2217 1648
3939 2088
2448 1020
3554 3340
3029 2279
1584 3662
149 566
919 319
3188 1263
1213 434
1731 2705
99 2888
1746 2970
2194 3717
2380 1104
3919 2100
1457 1935
2506 2459
2965 2385
629 2509
1496 534
3997 3456
40 3045
226 3292
1182 1473
354 1779
3545 2994
275 715
818 2584
1808 3264
1186 2274
3926 2835
2526 2171
3091 360
526 2571
3012 975
1130 419
1949 3964
1138 2803
459 958
3456 164
3159 3469
3360 95
1671 3541
843 2308
585 1830
3606 2916
3622 3155
3383 2134
1404 945
3948 1523
678 2436
3722 2233
2587 3020
3310 2045
815 1870
2265 1162
1053 1038
1513 599
2039 1907
2558 1105
2604 1558
1974 1948
2913 748
2106 234
3034 698
313 1256
1 252
2304 524
100 2695
3846 1588
855 926
3796 3180
55 550
2017 2633
426 2332
2885 2658
3157 3758
3706 261
1264 1565
1545 3284
3861 3730
2908 517
1372 2579
2937 1642
74 1590
3448 1453
1466 1756
2142 2698
1218 1932
846 3207
900 687
734 2286
1241 3708
2863 3649
3238 667
1011 3921
3575 3293
650 1511
2102 805
211 1868
294 2632
1637 757
1717 3833
3174 1160
2210 2783
1643 3522
1409 303
737 2505
1027 3523
3 2799
2139 2107
3574 831
2523 1739
65 459
2299 1277
2956 2722
366 688
2072 456
432 1130
2238 2462
792 2967
1172 3262
2207 216
2290 2808
2323 2180
2013 3288
928 2932
2636 387
1805 2325
3728 1090
3725 2085
3066 3514
2385 2810
462 14
2994 3591
2055 2847
3697 3848
3920 2205
646 3597
1173 399
2958 3090
2488 2485
2433 3917
1512 85
3380 2170
628 1803
1072 3554
2053 1853
1504 3709
3625 2834
766 730
3098 3691
3221 968
3439 2396
923 2351
777 1021
3037 3806
3046 632
3438 1917
2292 1770
351 1980
3265 2975
3421 2294
3734 3669
2384 442
1108 3901
2300 658
2652 2472
1259 837
545 3831
3153 116
684 3310
3453 2464
3222 3907
2356 3176
441 2337
2783 1623
284 3172
1396 215
978 983
3844 795
362 1528
3985 3368
668 2533
3995 2769
435 2461
719 728
167 504
301 2282
641 221
2283 2393
1653 3047
839 1991
2942 3534
2117 2526
2 2408
111 2466
2748 453
3524 46
3752 2795
954 2720
3944 1884
1625 3331
32 2311
620 1311
576 1366
1070 1134
2700 3318
2893 3006
497 2766
315 2256
950 2273
3111 3923
3556 2877
2230 3820
888 3830
3372 2042
48 954
2494 1034
2382 1947
1051 964
2917 3769
1124 3615
960 2281
2848 310
393 3881
2567 3404
3629 1386
804 3911
634 2096
1938 76
3245 1429
1425 811
3134 3795
2231 2411
2293 1225
2744 3959
604 1608
548 1631
993 3508
2325 1694
1430 2997
1323 251
2336 1582
428 318
2921 2551
685 1721
388 1677
1912 3463
3949 662
384 3191
3726 1152
2024 2151
2895 3287
2174 1607
774 3600
2190 2086
1924 393
2030 3123
3528 377
1972 992
12 2104
920 3944
2570 2629
268 2507
1308 3624
547 1218
3604 1464
3114 2126
1798 301
16 2130
1298 3635
3348 3759
94 2164
3514 48
3017 1282
3497 3068
3446 2777
103 223
1036 2269
2647 2796
2512 3147
2313 2305
3451 2300
3415 2593
947 2504
2645 1758
3562 2921
2963 1597
3455 3826
992 3865
745 2449
93 277
402 312
2721 2307
1728 1317
2696 812
1450 3353
1900 1902
3127 996
3033 3743
1992 827
3710 2348
3351 3017
1478 1633
1082 3286
2373 3763
2114 1039
3044 314
2772 2589
3296 2880
862 2451
2224 3824
3965 2144
3655 2480
1902 3388
2422 2535
3297 2091
3240 2735
1991 1584
374 2685
1014 3738
3416 1312
1089 490
3894 2135
2100 2539
2244 1358
2497 3678
2771 3948
2989 3729
2816 413
1004 1295
3442 867
2285 3426
3750 1810
3841 999
2785 3267
2592 2414
3883 1350
2977 1569
1944 2778
2855 1213
1886 3141
1965 3749
3602 1120
856 1024
84 2822
3321 1313
1148 3159
382 480
2719 2110
3270 672
3839 2978
465 923
2196 1903
2243 2821
68 2996
1315 1422
1657 3153
3801 1318
3139 1029
621 1509
2424 2487
3504 1210
717 3664
852 1461
2492 3489
2976 2367
1730 432
3711 214
2412 2259
1110 2527
2621 608
2556 2827
452 2038
896 3158
3512 3788
13 3542
2341 3578
3467 991
3918 3429
3674 428
3663 1404
2301 2121
1340 1493
546 3890
222 1819
3898 3100
1641 1442
2057 2883
1895 1702
1838 868
692 2217
1688 2047
3095 1688
2682 239
2979 373
3731 5
207 3324
1800 987
3989 3756
925 6
1701 2771
2314 222
3753 420
2515 3493
3460 122
981 1025
3779 2123
1721 1659
3922 1179
2350 3130
359 2552
1406 2613
2873 2357
2420 932
2720 1001
2401 3431
1828 3060
2122 3687
959 890
3106 1014
3402 1080
1142 1730
2495 497
3200 1211
2810 2289
3255 282
1347 3899
2427 956
24 2368
1199 846
1282 3041
2752 2197
1524 518
2246 1253
3207 3892
3074 3639
1953 2145
283 1814
2079 661
2824 167
1316 3641
1183 3887
763 962
1163 2882
3065 1292
2786 3666
2205 2185
1940 67
451 3834
3336 3661
3795 2890
2722 3450
1381 3646
9 3525
758 2861
2391 3611
1166 1364
2952 1752
3774 806
1608 1478
886 3242
1205 3027
812 292
3151 934
1001 1634
810 2280
2060 3799
819 3765
3427 1432
37 813
187 491
1793 2776
3601 2676
2428 1132
1476 104
1937 3835
2001 1772
2295 1082
1757 1229
1320 2387
1451 1788
1845 2111
2637 2785
1744 2290
2866 1921
1256 3609
1493 3987
1262 1388
60 2138
1313 583
2438 2725
676 3034
3594 1606
216 501
223 865
2887 3186
1663 3941
865 174
2423 1795
3627 3134
3322 789
3300 972
1776 3126
3616 286
1650 173
1146 2684
3715 291
535 1139
493 3255
3971 1467
454 3055
1883 275
2502 1986
433 3880
3901 3098
1999 3350
3848 1954
3913 470
3007 779
3874 2248
866 3119
3692 3606
472 2760
3332 3433
2717 1154
3698 551
1125 803
2182 2719
1963 3305
1705 2214
558 1502
3124 3913
3566 123
3671 1536
1826 699
2387 3539
1115 1890
1813 1252
1229 1062
2589 3982
355 2057
369 2468
125 1076
503 1083
3608 3939
1237 1217
1840 3553
3536 3966
2633 1231
3432 552
3014 1978
1079 2673
1725 1425
3998 3430
1223 3073
574 2069
373 3547
584 3690
2686 2842
2986 2083
3102 3864
3313 2870
1311 589
3354 3991
88 2390
1587 2479
2003 985
2995 1718
2170 1860
3274 2993
2068 3871
1723 2437
2140 2746
2088 3557
3789 183
1433 558
33 1901
3927 1873
3283 634
309 3316
2464 158
3208 1007
1591 3726
836 430
131 2333
2661 2624
2675 1998
2694 2764
368 2794
1222 668
1609 1766
970 2986
1489 2750
2892 213
1998 2087
1519 2598
2020 3640
3862 571
3428 1427
1606 1629
879 99
3005 1327
1743 1652
80 2382
1202 322
588 341
3161 1437
1239 1894
542 1506
2121 1192
775 2580
3976 3314
1568 3905
2416 3515
1000 3728
2912 3601
967 2484
1480 567
3908 1337
1915 1763
363 179
308 2313
3586 1841
938 2295
3771 3837
45 664
3808 1351
2769 114
3746 375
2626 3109
1015 2530
1033 3937
603 3745
1208 1683
1635 1114
267 2257
3614 2263
2005 2250
2644 3488
1116 374
1031 3637
1310 2566
2763 1004
1364 1539
3877 323
3228 815
892 10
3559 2078
2405 3462
3057 1022
2303 3258
1254 3839
531 750
2051 1475
2929 1924
2080 673
2762 1189
2439 2688
421 3681
3340 2982
3727 3755
1158 3724
3817 348
864 1896
2791 3721
3978 1157
797 2398
408 3303
3328 3335
2597 1479
785 3494
3632 2627
1012 3043
1387 1983
2745 3419
1095 1149
1703 2082
2404 401
1618 2363
2823 3912
2251 1925
1123 533
1590 3439
2118 1266
2980 990
188 2301
1768 3844
3503 3037
1363 1927
3543 1916
2718 2066
3165 1436
2530 3857
3314 2035
1666 335
1911 1703
3529 1230
3281 2152
2797 2536
2847 372
3565 3713
3855 1975
990 1611
1044 2619
2639 685
2518 1414
3950 1137
1658 3050
573 44
780 2375
1497 616
861 226
3656 2940
2179 2106
3957 3441
3951 3524
2253 510
2650 862
1178 3575
229 3445
2770 2756
824 3014
3056 2763
2097 2369
3241 320
67 1663
1602 2748
2793 486
2974 2501
2539 3567
1968 2677
1759 1072
2309 3807
3857 3983
1536 3192
1238 2538
2725 3710
2214 3969
786 2765
3974 885
1276 1863
2093 893
1246 1416
638 2216
22 3931
1175 1784
1389 3229
2319 2968
1297 19
2583 1075
2034 3470
18 41
2050 696
1523 686
395 1175
3634 1232
2909 882
349 539
1392 98
3521 3847
310 630
3050 2599
1646 1676
1509 1722
2920 3079
2612 2221
2660 1767
3040 3279
1822 306
1892 861
1454 1492
3932 2581
306 1006
1098 1477
659 1173
3211 3228
1358 770
1664 1626
3847 1227
2061 2043
1159 2789
583 352
1697 232
3729 1943
1724 1284
3424 1686
3676 1469
3621 629
2569 739
338 2508
869 3223
119 657
3008 1655
3000 3748
2062 154
3306 3190
696 2852
3385 3653
639 1671
471 416
2613 508
3754 61
1654 738
594 2122
3110 3656
3077 2862
1552 1735
1543 2264
1715 641
3570 1783
3137 2563
721 2161
806 2724
3199 2463
3058 957
747 1680
3784 2714
53 807
1763 582
1076 1239
1960 3380
108 3326
3858 1041
2984 2761
303 197
2091 2622
6 1616
3638 2820
1959 2630
282 2623
3426 2700
290 1077
3142 3915
3563 2868
3884 2874
784 97
735 818
3572 290
3643 1651
1914 3696
3016 8
553 1087
2330 565
266 2772
3519 2292
1928 3344
3831 2680
1422 1955
322 484
1784 1107
1853 1370
3613 2254
413 3986
565 3803
514 13
1538 1169
1777 330
1890 3011
2476 2675
407 691
1220 3409
2271 1428
1517 729
139 1859
2442 1667
456 1178
2918 1280
1078 68
2073 829
3859 2545
3582 2839
86 135
3515 1963
2586 2219
1683 2979
3496 378
813 647
2634 2573
3686 3894
3233 1258
1328 1946
3970 3540
1465 1482
429 3038
1057 1214
601 758
492 3411
2294 2790
1636 3925
656 3142
490 184
3744 2871
2706 1374
3130 3505
3603 1609
1263 3521
3384 3425
2692 1727
206 2946
21 3703
1818 218
3048 2021
481 3628
3915 3213
2137 299
162 3532
1188 1715
431 3383
1198 1113
73 3170
1629 26
911 280
2360 2931
3636 2377
3339 2232
1955 1016
3704 2607
2018 35
3552 1923
2376 852
2211 3595
1224 324
1718 960
403 3247
3047 3355
2872 448
907 1264
512 3365
918 3858
3544 2830
1918 1964
1271 706
593 120
2665 2898
1732 3093
942 2319
1225 2992
2880 717
205 2059
3089 734
2755 1322
3072 1011
364 1027
1481 180
1114 925
1248 850
521 2804
2096 3787
2478 125
2095 3949
2269 2681
2204 577
870 2715
160 765
1611 1826
2588 2303
1709 438
2286 2329
115 1300
2082 259
2996 1639
1096 2969
3928 2514
1685 745
904 2005
1528 494
1385 1026
701 3604
434 339
2067 241
2042 1817
709 1848
1344 947
517 2528
1532 3069
3136 129
3742 1661
3972 2556
2503 1900
3896 784
2975 2174
1105 333
1811 1546
3765 1381
2440 2578
1661 2758
2379 516
1329 3782
3126 3622
2307 1786
841 878
460 2306
1817 3519
2267 3741
1678 2768
1370 1583
482 2973
2197 2585
1467 988
712 1937
3367 892
280 1941
145 3016
3506 3501
687 279
3549 2139
1321 3751
3405 3367
3764 2019
2543 3802
3167 3056
1856 2741
2850 3252
2199 1699
1978 2592
270 836
2098 1145
1520 555
1341 2846
1753 3752
470 3789
997 1514
3557 3572
2688 952
1556 1426
438 102
3335 3443
2842 3602
255 997
2734 2617
3262 1615
1796 3328
2150 2261
1578 700
1302 1199
1026 2646
3819 3417
1184 481
2417 1096
194 3548
3743 162
769 2316
2188 719
1511 2559
1956 901
2192 1099
3642 3478
3205 3200
3019 3442
224 3697
3398 828
767 2951
1390 28
707 1240
3054 3227
2778 3337
1394 2401
1023 3747
881 2974
2568 3136
168 198
3991 1587
2006 656
2728 2565
1444 3133
3053 1125
2805 2031
3069 3308
3821 1912
347 3375
2491 604
3060 265
637 2914
2348 3900
2884 294
1449 950
3356 2020
3713 96
1488 2727
371 1635
3626 3940
3535 3889
1050 3298
3327 2430
196 930
1065 3062
569 1560
740 2953
2371 2146
3983 477
631 1503
1126 2226
3487 3592
3799 1958
3224 568
924 2568
1982 2939
3198 760
3640 2707
3435 1755
381 1781
2075 526
51 3396
2393 1875
3510 2237
787 3289
1851 2502
2418 3779
3229 1448
2578 768
3609 3436
1926 1843
1614 1307
2814 2805
2631 3869
1995 257
1525 1854
998 3736
1518 1647
3329 187
272 1407
129 3108
2774 346
1475 3484
3028 483
1025 1614
1745 1342
2297 854
3595 1304
3762 1645
3741 559
744 1423
2254 2444
673 3238
3289 1203
1181 359
1008 3051
3910 340
1579 2807
513 2811
2594 2779
3094 3593
1037 2625
3182 2929
175 1340
599 493
693 2913
3813 3210
664 296
2731 948
1266 2704
2226 705
2171 81
533 1278
1149 220
2780 1036
442 2706
2452 3958
613 3197
316 193
1350 2156
3212 468
1526 2657
2455 3946
3945 283
2541 1333
476 2284
3293 3613
1277 1563
510 3686
2868 3719
208 2647
2740 2298
2043 1343
1278 3044
2808 488
2372 2062
2221 2191
3472 3114
2978 3502
356 3173
1773 1708
3105 3127
1651 350
1783 317
3553 3225
202 3675
3984 3877
975 3619
3215 1970
1333 2158
1954 694
3209 2406
1876 549
2894 1713
365 1989
1353 2016
872 3466
3440 3139
199 2742
1699 21
2070 15
3782 2349
578 2801
3273 2366
798 1141
3078 17
1969 1360
52 3449
1689 2372
1402 2780
3125 3630
50 3376
520 2489
1240 321
136 1692
171 181
3131 943
3537 1084
126 1838
2363 2198
2701 1400
3146 3680
2580 681
1087 264
1469 1066
2315 1380
1852 2109
725 532
3445 1212
3395 2668
3583 3338
2999 821
842 3644
3390 2050
1111 1250
3887 938
515 355
1161 243
2076 1012
1680 1700
2801 3199
2240 1672
615 2515
3020 1542
2158 540
899 1078
3447 2736
851 1911
654 3731
814 2051
1176 1818
1180 785
2577 2405
2035 716
2048 1977
1764 3480
1032 1889
2544 1999
3369 3320
1522 3397
946 1194
2000 2188
3326 2310
1049 3817
2659 2713
1566 557
953 332
1946 293
3852 2213
1257 3104
504 476
2206 3545
3477 2206
1171 732
3422 2194
3532 645
3116 570
469 1421
2012 2582
464 1681
3413 2950
2827 3623
1207 113
2531 3816
3190 1328
1437 1458
1986 3682
2193 1720
3184 2628
49 3278
3381 1057
3803 128
3977 2002
1831 364
2146 2323
2411 3775
3630 2709
883 573
1378 3560
2270 502
2649 1465
1383 3746
2869 1049
3076 3970
340 1271
1020 3021
748 3491
867 2836
1038 2650
3837 1161
1569 250
2838 842
1336 3483
3001 814
1802 553
276 3555
2069 3486
2534 974
2820 969
643 2963
2669 3720
1141 2453
1419 537
2099 3179
1677 3841
848 819
3517 254
1612 822
2944 1449
1823 654
645 1823
2058 1245
3320 454
1533 1746
771 2235
2483 3246
1119 826
1931 1148
319 2236
1232 2744
1756 1165
1565 585
3661 1572
2949 3447
181 3354
496 1103
3035 131
344 1397
1647 588
3225 101
567 963
2010 1531
913 499
3886 1548
2400 1591
1535 1757
69 1308
552 949
2366 1106
1500 915
399 1003
619 2402
312 3783
2083 2231
1303 3906
3474 598
2768 590
3253 1221
2132 436
3905 3740
3357 666
3578 2225
2510 1764
2599 3040
2426 1389
2729 1309
1748 12
2450 2909
1495 1216
1204 3144
3900 2167
3388 2471
2441 3487
198 1561
1801 2397
1981 528
3226 515
1901 2791
25 124
3345 1031
1967 3440
3717 3757
3138 2297
2579 170
832 1931
2836 1674
3013 2242
3361 1644
352 1135
3838 1851
3577 3582
1547 2334
321 3652
3561 1706
507 1417
2754 2212
1676 2270
1557 316
2429 2407
1707 808
2551 1741
3619 2283
2733 1494
914 3791
422 946
623 3516
420 3156
2004 2728
2870 3281
597 3884
1770 3577
3410 1346
1891 37
3879 1710
122 3981
752 3511
3353 328
3352 1013
1483 3033
1620 227
2658 3253
1503 2960
121 2365
3195 3048
3404 1891
2220 635
3271 84
445 2575
1022 769
409 1294
582 1829
2410 3634
3397 951
1836 3875
3592 2716
2368 1654
1498 207
2449 2239
1216 3196
3737 33
2112 2210
2662 32
2434 3796
519 3565
2924 189
1349 1288
3958 1968
2557 331
1345 2422
2727 2838
3419 1576
1034 1807
163 2645
186 3859
230 2192
1327 1979
1691 778
42 2380
1690 3588
2985 1040
2131 2356
1737 899
3176 2448
609 3185
3860 3531
1411 755
3785 572
1206 3391
1270 3800
1989 3676
1054 3260
936 3309
3359 2636
2784 3920
984 1532
3294 3066
3168 1222
2157 1961
2007 2326
657 3607
875 3645
2151 2819
3180 3092
1580 3161
3865 1698
2897 1960
3792 3459
1299 1750
3264 771
2756 3955
251 733
3458 2522
3441 3427
1337 2011
770 1743
1416 2490
3452 564
3823 3061
2159 3352
1487 2937
2815 1413
2255 561
2904 1799
3259 1201
3666 3107
1945 1481
3495 2228
91 1196
2402 1356
885 794
3793 1156
2110 1474
895 509
3678 287
2614 1697
3960 2745
479 64
1829 2570
1367 529
2845 3998
1815 1944
2329 2420
2790 3714
2155 1316
716 2064
1007 2873
2796 817
3516 2227
2601 1737
1726 978
132 466
2800 2155
1460 2569
1445 2302
3338 2532
3550 793
2883 2703
1418 542
2950 351
612 219
3178 2413
1762 3500
3179 3421
105 3650
1029 3801
902 1976
70 2272
751 702
820 2542
2663 2240
539 224
2183 3254
2507 186
927 2656
299 2344
3588 2977
3302 3739
2133 3978
690 670
1275 2981
3881 1285
1319 710
1477 2429
3038 2
498 1711
2981 3685
2377 535
825 740
1795 3598
157 3896
1941 2032
1554 3885
292 168
2289 3366
1307 2856
1790 1463
3500 130
1834 86
3268 897
2397 2060
1871 2938
3992 3559
3513 427
1530 2797
1592 1489
3150 1010
3470 1074
802 844
703 3762
404 841
3560 2247
3417 1270
3068 1887
468 2770
3450 2737
563 1638
289 1176
1544 2833
1041 1071
1712 3781
568 2224
3703 2546
742 3845
2029 652
3443 2869
242 3589
345 1439
2991 2037
3969 2894
560 2470
152 3617
151 3112
11 3612
3082 3087
3485 1261
1908 298
453 3241
3400 3343
704 2163
2037 1596
755 505
974 663
827 417
2673 242
2413 455
2622 127
1040 1540
3391 2029
3526 935
443 3194
257 621
336 1061
3484 2918
2746 2358
2345 2392
3773 3418
1792 792
1192 3457
2546 36
1132 1796
3597 2267
116 176
1292 1480
3826 1824
2998 2781
2296 3325
1281 3137
3760 426
3705 3727
2846 1510
1889 684
590 1224
2071 1183
3912 2009
3659 900
1551 3898
1760 2941
3620 3583
2849 2612
2059 3953
3680 929
348 3187
2229 3373
698 1553
2277 1768
778 2330
934 1689
1934 3413
3628 3110
1669 400
264 1363
3903 376
3693 2383
2266 3221
1440 3643
2101 92
3108 680
1847 2876
2337 1852
2479 3677
3267 981
1755 546
3315 3842
3641 1460
3250 3348
1185 3773
1473 3003
133 203
2524 3707
2141 1466
2656 3891
1507 1725
3149 674
3051 3642
3303 397
3087 2983
2187 56
1459 38
1427 838
3963 3184
2185 1908
2195 1844
3026 1618
3872 1771
1600 2364
3027 1769
3980 2075
2375 3074
2713 648
1819 1088
1368 3608
3158 1554
3324 3362
1121 461
1738 345
2876 2558
3781 134
2135 2447
2982 165
437 3798
776 1740
2014 3518
2664 2540
3672 2854
3856 2277
2463 2149
377 1362
3088 1537
1154 548
1086 53
3162 3472
3002 3346
2501 2433
2618 2208
3758 3805
3934 3996
2993 1476
2149 979
783 7
2232 1412
2208 722
3987 1028
1429 2588
1736 133
3580 3379
759 2178
3523 2394
3507 63
3216 727
986 3561
3214 1865
2681 66
1597 922
2595 2442
2378 2359
772 1030
3802 47
695 3018
79 2497
3242 3371
2437 334
2840 3631
632 3481
2865 2028
575 1495
2830 2541
3193 1377
808 433
467 1451
2166 160
176 1603
3257 2910
410 188
350 421
3682 1835
2540 737
159 3349
1880 1182
190 1431
2202 3579
543 3556
570 2285
811 1992
448 356
1638 655
1593 3985
1656 2517
417 2850
253 2602
398 3927
2134 1324
2485 65
2674 3873
277 618
361 609
217 1610
3757 3636
3797 2196
414 2723
3807 1866
1884 2209
3175 69
3664 2851
1515 993
595 3205
96 835
2533 1306
249 3438
1719 2061
3494 2168
2395 3654
2888 3129
3810 3580
1586 1602
2260 106
1990 3329
1414 3546
3548 132
3376 538
2851 3212
868 631
3155 2481
1352 366
1729 3961
1331 2976
1553 1291
3145 2230
3953 1065
1893 527
3868 1089
1741 2014
2919 513
873 2276
1925 3451
3747 1500
367 3452
2760 3903
2218 2516
237 1567
1273 869
1377 2693
2128 887
976 3780
3702 2631
1921 3412
2751 2452
2447 3995
876 906
773 3046
1135 83
1645 2321
2011 942
3396 1043
1922 2812
2419 1939
1255 2895
509 2730
529 3854
2900 1115
1979 1122
790 894
2596 1193
2482 3393
1939 1544
1499 3049
1510 256
2215 1339
2216 3490
1878 1447
2858 3477
3850 1934
3201 693
1196 3968
3593 59
3246 1281
905 2893
1474 118
3173 362
3282 2112
3156 1002
524 1301
850 1369
3373 2878
554 3793
1226 928
2274 3356
1360 1973
2138 3626
933 1670
743 1913
2651 2418
2403 605
3462 642
647 3509
118 726
218 70
2178 3274
1933 1662
1585 3012
915 627
2915 2077
1758 2917
43 1243
180 3792
2964 554
3117 1929
1139 1974
2970 2554
3104 1109
949 2410
3633 2674
614 3772
3596 3250
2799 973
3925 1515
2781 1456
3109 3621
3389 1045
3479 3370
3533 2549
2237 396
941 3030
3756 150
3290 3692
1971 843
3107 1068
1006 2855
2090 744
85 3299
3486 1287
1083 1656
254 474
166 772
2287 2661
3667 1376
2789 940
2877 3951
1942 2425
3084 2343
3777 3300
3878 1581
3866 1044
1164 2340
425 1487
871 29
830 3760
3444 1601
2520 3113
2191 1112
2358 1815
2562 54
155 2708
2355 1747
1249 2906
2513 3562
3842 2386
287 1462
3768 402
3234 156
2147 205
3349 1170
200 229
380 1790
3227 3963
1909 2620
2812 1054
1428 1257
3654 1050
3610 2428
3935 3105
2284 139
1288 2441
495 1660
3787 873
724 3265
577 1716
3191 1064
3794 506
1936 1805
831 2238
3670 3999
2968 2013
3809 2193
1747 2015
1434 721
887 2660
622 2936
2065 3131
15 3876
3318 1293
705 471
1456 1787
1652 1450
2180 2033
1245 34
1913 1522
297 16
2177 1085
500 2186
3471 1641
2821 1491
1870 1562
3401 1612
75 1640
3286 2496
2394 3620
3772 677
3694 1430
969 1357
2111 237
3192 855
2571 3954
3449 625
1710 2908
3478 848
209 547
3482 410
2259 52
2683 3282
979 1290
1211 2547
178 3828
2181 3918
1605 560
2779 1488
1855 390
153 904
1252 1207
1850 1159
1250 3171
89 2930
3473 853
3917 1678
1687 3019
3358 1504
405 3095
3330 3256
3988 1395
239 2667
104 594
1799 3036
3615 810
838 1367
1806 2529
1157 2637
2354 3698
2471 449
1295 2258
3119 429
3011 1238
1120 927
77 2597
2389 3822
605 469
2708 596
1809 1956
450 2989
2914 1578
1708 2252
2818 354
1405 60
3902 2521
127 2872
3723 3836
3237 3893
1359 2988
1562 2985
2222 40
2584 1048
2542 3723
2469 967
3778 2574
3691 2947
801 3673
1574 1274
1332 365
710 2922
3319 385
3540 412
488 1378
3904 1133
3605 2561
2189 3735
2695 2815
506 2450
1274 3251
2619 2787
2819 1223
945 675
3551 1220
1642 2798
3481 3099
2954 1594
419 3116
2615 2136
3814 388
342 363
1187 126
394 544
1634 849
3120 2928
210 3932
3851 790
71 3432
1993 587
3522 1131
3164 611
1686 3070
2045 3234
2052 2550
134 2458
3930 1433
2538 3080
172 1298
286 2331
538 3202
3368 676
598 371
2235 315
2078 2949
3213 3734
81 3473
3539 3868
1716 1585
3363 3647
1285 238
2803 383
3043 1136
2084 1549
140 3960
1917 2562
3724 149
2620 1018
3490 1445
3475 90
596 1276
534 2927
2798 1314
723 2659
3219 2260
3696 452
617 1856
1342 3627
2565 1871
63 2469
2454 1344
3748 503
2698 3236
1376 3091
2236 482
2248 3195
2831 467
1781 1171
2242 2182
2126 2454
2934 1820
2926 244
2499 2885
1131 2177
1674 1197
1084 3283
2654 3028
3144 2446
2198 1577
440 2478
1769 1273
1484 1401
2528 507
853 597
1879 302
3745 3526
1896 392
3244 1000
3618 2439
439 3974
828 2863
1596 3336
3827 140
1306 2701
1462 1086
1858 1748
330 3482
2481 2911
147 584
3966 1424
1987 2417
3022 2671
606 971
3880 2184
537 1319
3541 775
2063 747
1117 2734
2667 210
2490 195
1977 1879
19 3551
2044 2296
2486 475
3141 3823
2735 3075
1888 3389
3811 3081
1644 3704
3840 357
3870 1682
847 639
107 3377
3555 103
2607 1982
1582 1696
20 2039
1088 3550
761 2990
3938 276
1660 1719
1374 845
1064 3684
3825 884
3032 643
233 3672
138 463
909 1630
736 1653
3721 697
1861 2207
2201 619
1268 94
397 1335
102 285
3767 2669
2853 514
502 2102
1066 1728
416 3013
3662 595
2331 1119
644 875
677 1286
2040 3372
3657 1808
1564 2474
2349 741
921 3926
889 3693
1491 3444
3232 2115
3531 1524
1191 349
3457 2523
670 1081
3735 2605
849 2759
1675 1352
3067 1995
252 1867
1964 711
2775 2072
1482 2899
2730 1108
2338 3933
466 2865
204 2712
1962 394
2032 236
3677 3563
2794 3214
2679 3072
1761 1920
3961 247
2553 2837
1875 1918
518 2076
2916 2828
3393 649
1305 3804
3996 1966
3423 798
1309 1668
47 679
3375 1111
1179 1296
2765 1219
3096 2023
2666 2388
2161 1303
1242 683
3386 1627
2008 1705
2936 2902
823 2595
985 3390
3015 2288
2941 3077
1415 3009
564 1338
1384 521
3589 3683
2031 1059
2643 3128
799 2987
2212 2350
630 3261
1251 802
3650 3094
28 3167
3954 2634
2922 1267
3041 1405
2321 3904
972 3162
2332 3874
3644 3994
1092 2690
3668 3163
3617 3476
143 2132
2456 1556
3812 3057
2933 2483
2709 2141
1816 404
1619 2435
3275 1459
3530 2143
3258 2246
1446 1093
2477 995
2817 3767
1623 2493
3720 211
2320 2092
3231 895
1463 2679
2957 1557
1013 2499
2773 295
2136 3222
2576 1707
2369 1052
706 911
228 2826
302 3154
3260 1184
961 825
2143 3215
3501 3035
2421 1878
1408 1283
1561 2160
1534 3401
3815 1589
184 202
1170 212
3454 3886
179 1248
2582 2166
3895 3321
977 2055
2094 753
1786 1518
829 3193
1842 3761
1407 1806
1334 175
430 2608
2833 344
1872 2090
3463 1953
528 1774
1002 1632
244 2354
3025 2564
2925 148
897 1926
1102 1326
2927 1368
3891 1789
1837 3204
2973 3700
2743 1166
592 3111
3295 2328
3143 2621
1827 3888
1771 3725
231 1334
3365 3122
958 1898
1162 2881
3990 3536
1628 1505
334 2114
989 3290
480 1624
3639 1124
317 1023
2962 2611
929 713
370 1138
1733 1883
1101 1444
2574 1056
3916 1619
988 3972
3941 489
220 3786
3430 1684
3824 3219
3425 358
600 425
2911 3711
475 1938
878 3659
238 2586
2200 1862
2572 2339
3786 3737
739 3497
27 2555
1234 917
3099 3840
663 353
3982 2056
2676 2175
372 2802
1766 2482
530 764
2167 651
1356 3201
8 1527
1859 3774
427 3633
1531 2030
1379 1079
1028 3947
1219 1512
3278 1332
201 3671
2275 816
1386 3319
1109 2809
937 1098
1866 1190
1287 1831
3181 3378
2764 196
2446 3001
3337 3778
1617 3453
757 3052
3350 190
1107 2678
1160 866
31 2465
3955 2370
3061 1959
1559 1008
38 2376
3647 2831
2085 1158
2521 1246
3347 1754
2684 440
83 1516
332 1443
2457 2991
3009 2271
525 1228
236 1847
3307 255
3701 2867
3973 2342
2347 3465
2529 2427
128 381
2972 2710
2753 1571
1775 240
2707 2655
3411 767
3148 863
1479 2347
3979 1471
3100 2800
3763 1349
1472 1265
2302 3658
2026 3852
3204 2008
2245 2711
296 1915
1575 986
571 1990
375 1574
1391 859
221 840
1230 157
2470 2361
2767 384
1548 144
1929 230
1103 593
2357 980
3021 1566
3186 2654
3203 3776
2086 3853
3834 1535
483 690
1603 2560
3690 704
1923 2399
607 2131
854 3078
262 2956
2160 3930
1821 530
1542 1809
803 409
930 2010
1388 1793
2710 2662
2312 1971
2532 858
3392 2456
931 297
2458 260
3010 1438
2716 2065
764 931
2874 1666
2678 575
1069 3385
248 2341
3333 100
169 877
1633 1101
2367 3750
3465 2006
3406 2133
494 1127
341 2052
722 984
3301 1033
2545 3861
826 3273
667 1910
1567 1942
2535 660
3818 3312
1346 3341
627 3232
2282 1775
2552 776
731 2957
2878 2381
2280 1882
662 2666
834 2234
1751 2784
1351 1015
23 389
884 820
3993 1646
1174 2726
2505 1215
2967 1914
903 1100
1516 2548
3929 3084
2361 1965
3498 3166
1540 3712
3489 2609
2120 281
2668 1501
1820 82
3718 3313
337 3415
2209 2853
968 2320
2108 3790
1782 163
2747 1636
2334 783
3967 2683
1814 3446
1862 1067
2782 2054
3247 1613
232 3495
3822 2614
2628 2567
401 2153
557 1017
2225 3249
2228 2920
648 367
3079 3209
1720 3150
912 1738
1780 965
1357 2500
3364 541
3590 2697
2306 3243
3804 31
1621 2443
3897 1519
917 3269
1413 1060
1607 87
1598 3862
110 435
3631 1092
1750 2317
3436 665
845 2600
62 1387
1019 1435
1366 2101
2340 3268
3085 3407
3854 3151
2370 1470
1694 2958
965 1534
3379 248
2046 155
1168 1508
562 1800
2862 3054
2328 624
424 3616
3476 3455
711 3010
3030 1972
2081 752
728 2079
1830 1564
3770 944
259 2900
805 3538
2022 1813
2931 2346
1201 1371
939 3032
90 2964
863 1687
796 1063
3942 3943
1147 2596
2758 2024
3287 3226
1894 1797
1269 1454
2468 607
331 3263
3889 3867
3399 1035
2938 3357
1080 3181
182 830
2272 3929
390 342
3172 3603
1397 2004
1060 2338
1010 272
3776 1857
2671 1385
2435 1742
1983 1382
3736 2520
586 1543
3505 2373
2809 1579
2511 3618
1624 2318
3564 2025
922 1731
1436 3120
1673 2095
1442 3950
3039 751
1577 3809
729 2099
185 603
3940 2404
379 231
1267 2494
406 2557
346 3882
3269 2074
3277 1864
1932 1834
82 411
2261 72
1696 1390
3298 3517
2670 2070
3285 2486
117 3771
1195 3610
982 108
3311 3812
932 3334
3284 143
3863 2919
2581 3529
694 1143
3083 2755
2590 111
1846 1490
1435 1709
3412 2118
2608 3753
3492 1874
3751 263
3653 1396
2629 910
1265 2415
485 2643
3036 485
501 1354
124 1408
1527 3160
1727 107
1865 723
66 545
2049 1126
1325 851
2835 1940
183 1251
1335 49
1588 2866
544 1533
3377 2829
3924 678
3097 2665
3210 496
3853 3701
3305 473
2966 2892
2829 556
3491 228
3299 1289
3093 1496
1622 1858
1897 712
1601 18
1541 2309
753 1341
789 626
2173 2952
2923 208
436 2395
2657 2116
412 1208
2990 1673
2104 2663
3343 3936
626 3053
3042 3699
3836 3307
882 3323
358 2148
1399 3342
35 912
3256 78
1059 3230
532 2105
164 2848
1145 2000
720 2544
1616 1690
3023 1164
2474 307
1920 105
980 2743
3183 1144
2019 3248
263 2959
1003 1791
1539 3382
1772 2653
618 380
2839 1053
1005 2774
2983 3742
2555 270
1330 2071
3835 870
1426 1761
556 1202
2516 638
1371 3360
1791 2733
148 2036
3805 2137
1062 936
3466 591
3790 3088
1400 3967
3685 1163
1935 3992
1382 391
2152 2687
225 1985
1563 1142
2777 1675
1073 423
658 2084
3876 1097
1740 2476
2186 3770
3975 439
3611 2400
3196 3358
1966 3855
1236 1019
2364 89
1631 2845
213 1233
741 902
1424 2732
1778 3395
916 1988
2703 523
1997 3031
3133 581
1765 3394
2125 2262
1492 145
2749 1302
1576 1206
1627 2512
1655 2689
2252 2336
2467 2670
327 2925
3907 415
2127 3024
170 913
680 1538
1448 3777
3249 2694
3612 2721
2907 1520
3761 3132
486 2702
487 2817
484 3168
1118 3405
376 3467
3843 1379
328 1446
1018 266
3911 2067
1227 3819
505 1930
2504 3587
2935 3065
1228 3408
3567 941
944 3364
3534 754
1365 1962
2549 2641
1152 50
1304 1042
3147 2324
383 1204
1009 3715
1048 1736
2041 1355
908 58
1695 201
1700 146
1075 1836
3171 766
2351 3558
3893 2506
2593 703
1286 1936
1355 141
1854 2048
17 3564
1713 343
581 1237
1910 756
3480 1726
2028 405
3499 916
1698 2460
1165 2901
3665 1759
1128 864
2635 872
3118 326
3276 2173
446 2119
3187 3400
3292 3008
3280 408
3673 3535
3052 2162
3648 3922
3049 3688
2116 976
3637 3585
1943 1180
2109 3086
1848 2097
1571 3165
550 3513
2834 368
727 1116
2854 2041
1789 437
3739 620
2843 336
683 3990
76 3458
3461 1664
2130 91
326 1110
874 418
1706 1899
2444 1811
3806 3568
2339 1840
1849 3434
2408 3410
1395 1704
1324 2519
527 780
1869 612
3875 883
36 2362
994 1452
2415 1734
1649 386
400 1305
2951 2961
234 2610
3154 3674
1857 615
2500 889
2129 3428
671 2253
1420 1069
995 2897
2233 2128
1151 3498
3730 1345
415 1399
1354 3145
2148 918
3568 1226
3403 1372
2598 2304
3254 3657
1714 1950
314 1188
2443 1906
1668 2278
478 2003
1930 3420
749 2416
3598 138
1927 200
1613 3997
2738 3029
3999 2510
2009 1483
3780 1297
2630 3718
3135 1353
3220 1782
2256 25
1916 73
137 735
2573 3461
2324 2858
1194 1604
2383 2651
3464 2245
2699 43
3431 3101
2811 2753
760 3026
1056 23
3420 3454
3830 3512
444 464
2390 746
3933 1949
2263 919
3849 39
1843 3351
2901 3879
387 2327
2591 3059
112 258
3845 465
1067 3479
951 3989
3584 1205
963 1621
307 309
2945 2299
461 300
256 2243
3649 2018
1233 313
2480 370
3525 115
2624 2374
522 1526
1458 1242
541 369
3378 586
2889 1
1825 2749
877 2438
3122 1150
1468 1177
926 3843
746 403
2757 112
1113 1568
791 1665
2585 3705
1976 3768
3909 2537
2234 444
3251 3240
2461 2181
3587 1657
2514 1411
113 1172
78 2907
423 3846
34 2353
1156 2616
3387 1151
2930 1620
2932 2591
2697 2073
635 1827
3714 3766
258 500
642 3244
3652 2108
1289 3384
2742 3102
1093 2241
973 3878
2792 809
61 151
821 3007
1807 2255
3206 881
857 3235
1874 109
987 709
1648 2477
665 994
955 1272
2359 1801
396 763
3520 1724
154 3860
2451 153
1085 3103
2335 1773
3334 3023
304 3125
1788 2954
3888 1861
3316 1762
1898 908
602 121
935 274
1326 3115
1030 3810
1401 1102
1630 1409
3414 2027
3317 3071
1373 628
1177 3306
174 2445
1097 2421
2318 233
1150 1712
3418 3437
3709 3475
2690 3239
2606 249
241 1600
891 1140
3733 3276
2623 1885
3946 2409
3769 2419
2365 3594
699 2315
3071 1551
246 1394
2123 801
3355 3614
2489 1153
2902 55
1595 3663
2023 920
1106 3082
3003 3520
1167 1147
3024 3189
3113 3414
3947 1744
788 2823
779 3220
2119 646
837 273
1318 512
1077 2492
1283 692
3266 1485
3194 2179
1231 891
3081 823
3346 3148
3651 1714
1217 3064
1988 1032
323 833
2472 610
2795 1234
3370 424
2899 2944
197 2832
2033 1440
3766 3096
1081 3296
3943 443
1136 1997
781 3581
2396 3849
97 2962
2353 142
1280 1881
1903 77
2362 1094
378 961
158 268
765 2699
3018 3706
1169 2204
1546 3275
2273 3504
271 3322
353 3188
3366 1855
3892 2664
3408 1842
1100 1384
2407 3914
669 3387
999 2211
3252 2971
1919 669
2712 3304
858 3460
555 708
1594 1128
822 2124
1754 860
3669 2786
3483 169
579 1403
3468 27
714 2335
1693 3584
1043 3266
1877 2639
1907 3651
3689 2603
1441 1880
463 3295
675 2371
3263 1733
3459 1732
2987 2440
608 3574
1672 2754
2176 804
1261 759
1016 1073
1035 3005
2828 3291
1812 3347
1193 1555
1589 781
260 1928
3189 1146
3921 3566
1203 1070
1235 3327
1047 2431
2943 1905
2691 2355
2223 3573
901 797
3331 2201
1021 2980
1975 2747
1485 3632
2655 24
983 2314
2547 495
2939 74
1860 2117
1803 1247
3569 2189
1996 2068
1952 3332
2016 1717
2344 1552
3600 1330
943 3422
1735 136
1398 80
1570 30
2638 329
3218 614
3527 2093
1090 1622
1212 3174
1873 3694
2826 446
956 3821
2988 2966
3542 3590
1581 1521
1412 3988
2802 1046
3581 1637
2103 3106
2015 2455
92 217
2398 3164
279 3392
44 3363
1632 1876
860 1420
718 3586
2473 1383
1338 3785
2087 2640
1899 3076
295 606
1471 1593
3371 3499
2249 3811
2124 2531
2311 1669
1583 3716
212 2879
2536 2577
1774 1123
2807 2154
3833 3825
587 955
3502 2606
1549 3569
1431 311
2832 1331
611 3942
360 1434
2741 2718
1464 3537
1833 3124
29 1321
72 3910
3599 2884
2732 1455
1882 3979
2563 88
320 1117
2561 742
3936 3797
59 2473
3312 2040
2642 3058
2559 3503
14 3015
3755 382
1794 3919
2609 579
1711 1047
2460 2220
3121 478
768 3359
2910 1945
1835 2007
2750 2475
2342 2972
240 1821
2288 3668
3031 1517
2386 2312
2680 1751
572 3976
2508 2423
1958 1745
3488 2426
3873 3217
2445 622
2484 1185
1438 3406
2465 1121
1681 2903
2036 3211
1461 2391
1508 3203
1868 1643
2940 3754
2432 2773
1423 1904
3434 347
3687 2203
1380 3794
3177 3464
1052 3722
95 2195
2310 3952
156 3934
2466 3670
3681 2080
2517 650
1361 982
447 511
561 2293
4 479
2704 788
123 640
3344 3403
681 2924
1104 2887
10 2762
1046 1679
3683 1816
1734 2125
2737 1320
1832 1009
1210 1359
3914 289
1615 3733
962 3149
651 3576
2575 3183
2992 1375
2822 2044
3712 520
1099 531
3163 3143
1300 1415
1455 2864
2548 1695
245 3850
2693 1547
173 2150
1537 2696
1314 3301
2406 749
3279 93
273 4
898 2183
580 562
2841 22
1810 3506
1244 522
3170 3042
1985 3374
177 1649
1573 569
98 2945
3800 2649
1339 2775
754 235
890 1235
2414 2244
3783 3435
41 3702
385 3660
215 3605
1704 1833
324 592
2425 1778
1558 1592
1144 2275
1017 1825
1841 3928
357 3870
2640 1658
1906 3648
2172 3270
3962 602
3080 185
1864 1993
2409 2905
1640 1933
733 3485
293 2345
964 462
2711 2503
3573 1559
1779 3257
3688 304
3509 2793
1189 2818
3576 1886
3272 2034
3546 269
2715 914
1560 1513
800 2434
3197 2843
325 2615
610 3543
455 1530
389 337
859 1869
697 3025
2946 3138
653 1236
3829 1174
2969 2498
3775 782
2776 636
726 3231
1494 3085
2602 2788
2960 42
559 2291
2898 3277
2247 2172
2648 633
3382 2731
1200 492
2346 3866
2714 3177
1260 2652
2971 253
1692 472
1294 939
966 2165
300 1348
624 3909
1887 457
3407 637
235 2923
2322 75
335 2594
411 1650
473 1951
540 3399
2431 2860
2905 2738
1881 199
2056 2642
971 182
1375 671
1824 3744
511 989
3129 3815
2837 796
39 3198
730 3971
1702 3117
2844 1573
1369 278
3646 3022
840 3872
2113 2511
1221 2626
2560 1262
2886 1598
2723 431
2611 1845
3968 3695
2537 1595
3699 1499
3304 3233
2882 1922
2092 45
3062 325
906 2190
1555 2169
625 653
1190 245
1153 460
660 1529
2074 2583
1137 2491
3508 1794
3140 1586
291 2601
1679 839
516 1365
3341 1849
1155 3237
1904 3118
910 2813
1127 3544
203 2287
64 2187
2852 3945
285 1605
3684 225
2278 1269
195 682
3469 3039
2453 876
1947 3827
1284 2934
161 2740
3185 1255
3882 3533
56 1191
3791 2488
30 2691
339 3984
87 161
782 907
2227 761
1486 441
265 1753
2281 1981
2724 3625
2381 2495
893 921
191 3902
2493 2218
3006 1701
3695 3549
1393 407
2739 2157
1970 3895
1470 1780
756 1969
3073 1877
1253 777
4000 1872
1957 3980
762 3492
3820 3629
2890 2147
2388 3302
2298 2127
2806 1259
269 2049
2702 9
130 879
3981 2859
3288 2265
2258 1575
2627 2875
1501 2792
2903 2935
1684 3956
477 1391
1514 2268
3101 3067
2787 886
2374 171
3994 847
894 2572
1867 2432
2305 695
333 2457
816 3063
3607 3175
1322 2524
1129 2904
3660 3
3740 574
3075 701
1610 3004
2881 3851
1662 977
150 2553
817 71
3923 2249
2264 1580
2496 1058
1243 3423
689 2251
1133 2063
2761 874
3624 2824
3362 2998
1279 422
1572 20
732 1893
189 707
1787 2886
3309 2467
135 3339
3004 903
2672 3883
250 1361
193 2001
833 1195
3864 966
3248 898
940 3938
3160 3002
2759 871
1994 3146
3223 2841
2308 1628
3708 159
1980 3527
2527 3975
141 3908
3707 2840
2027 1254
2953 204
809 284
1505 3829
3132 3285
2105 2814
3409 1909
7 519
2616 2995
2333 2215
2144 2120
2788 262
2487 194
1839 1118
247 1200
2262 1198
2861 2682
1844 3386
2804 450
2550 725
3937 880
57 3272
2156 2058
3045 3381
880 2412
2600 395
2726 2026
1421 3152
640 2200
2268 1484
3798 2752
1439 2081
1122 3993
3092 2098
508 1091
3090 3271
3511 2782
3112 2926
1045 2129
2175 1055
835 3333
58 3552
1521 1685
3658 3570
3867 2948
298 2915
2436 3530
2554 600
3675 1037
700 2576
2891 2046
2239 2159
1071 3208
1785 3345
2038 308
243 1129
2632 3965
3538 2513
2879 659
2025 2943
3070 1812
1215 166
591 206
101 2384
566 172
3308 2017
3064 1545
2875 4000
311 51
682 1406
2430 3259
2213 1785
2685 644
2064 1181
2525 970
2154 1168
2603 1418
3749 1241
1749 3665
3890 1315
3906 3317
3518 1402
3732 933
3585 2635
3719 1723
2326 1798
1301 1260
2610 3315
3591 824
2276 3245
3115 1209
551 2089
54 2103
2959 1268
1214 2999
1091 543
329 305
3128 937
3169 379
1343 1693
278 2692
991 2825
26 832
1348 191
2291 1525
392 3977
1490 736
2864 3424
3152 3369
957 3596
3931 271
491 2352
2653 3856
3059 1167
844 2389
2625 2896
2947 1310
2107 3224
3547 406
1951 414
2002 800
3869 1051
3986 1410
3123 288
457 1279
214 1095
3323 3496
3571 2933
418 2223
1506 1888
1134 834
3394 110
305 2229
1312 2965
281 1541
3885 3973
2519 773
3291 3689
1024 2022
2867 3784
1774 591982814
1781 562640232
1451 186317882
1710 218812190
2279 928464454
550 936374950
3331 145894482
3457 555663540
2724 138395164
1268 947178764
1753 438555884
2938 871570754
380 330699620
3791 925726382
304 682533904
603 21401834
755 922242370
1805 319788320
513 943364404
1590 115513110
1185 848000340
3618 21610714
1869 209814624
1721 528729932
1388 213092404
410 481587490
2020 856572380
3367 675068550
1422 216909630
2358 792783894
1201 747204132
3669 813694024
1517 992035200
1054 890628654
2176 79349632
3428 710011484
3296 301462432
2777 778215660
262 808016070
3198 484807374
3701 548966632
1671 340606182
1269 758974824
800 609327200
2082 231555290
1166 105336382
2417 763312100
1511 198342982
3120 973099280
3824 770224464
3060 471395340
699 414480714
3707 571521290
2435 539899090
2161 50837732
1272 454741480
2219 209743674
3126 715759382
3499 794797114
2608 310928144
1942 780845750
2439 621916134
189 373034384
222 859544430
994 808238874
1181 442389232
2537 526604220
3698 623540874
771 920793682
626 923871882
227 389250610
2829 764963104
1567 361114750
3861 794228232
3565 406821760
18 772257514
2051 525420882
1423 45086574
893 970749264
2868 511957964
779 86124954
267 683671450
2544 610835024
1959 386053894
3245 39337280
1287 792090470
2589 926121584
3787 489242970
2642 64609450
2628 482693884
2426 394050882
3431 484342982
2583 6703094
297 720720380
3711 454485982
605 971161520
1318 30920614
817 383246500
2473 686476924
3922 203337130
204 735659604
3798 943667574
1661 721905232
1870 436188030
3673 433737324
2386 718765482
2789 206172184
3963 875948554
2579 928352354
3538 490054954
3408 862309744
716 343426132
256 789311232
2053 484524984
2431 485557982
3488 404507104
1941 429930632
1582 727589790
486 64586982
505 458932620
2466 836929882
3487 629404670
853 363488584
1760 29940640
1467 447320650
2846 78011182
1299 292188514
329 809480604
3756 732383732
483 697561394
1998 692766974
12 285900820
3481 890114732
2151 456381382
2758 714194694
110 527421790
1587 19568770
2592 471682400
3171 583093682
3111 288366982
2309 372981944
2994 261804874
3533 199403744
2460 944063940
3863 515012854
3439 458669134
1254 138657254
399 991336814
1717 414543400
408 456428744
480 721103520
2984 508564344
2947 988088530
1681 632281732
269 471041824
3843 118520914
1106 399053482
3189 335793384
2859 250289594
3957 196504040
2192 405406000
2967 387532150
9 628574044
945 497740580
3311 153899982
77 434052960
3037 484284720
2354 771204554
2269 792907824
1361 94065732
1433 46992044
3655 611490470
3850 266089650
3906 997911482
2108 883764644
1747 195543330
3812 358822620
247 690511830
2017 779255700
3119 834543374
3157 940679240
3975 921650150
3884 563485044
806 273922982
2133 522255944
843 394109914
2196 306109932
2006 837284982
3552 608934560
1526 111831382
2884 989762044
40 588327160
386 636335482
1897 952113980
1689 390163884
2647 24242230
3867 477339050
354 392518554
1996 173934932
2745 188072780
3855 673388270
1569 645824724
2252 821938260
834 32062394
1305 885643820
2132 215959340
620 127401780
3590 426311110
1362 941728170
2367 380027550
802 990606810
258 288627194
3606 886140982
1821 378072432
763 866166154
2586 771128482
1295 97813230
3069 237174224
1876 705753132
458 161092594
2988 889103604
594 395605674
362 787417170
3081 726160732
2366 918970382
2443 731609114
2714 555468834
1121 679334932
2459 447140394
3214 95670334
3743 514537214
2478 309474334
1834 626485394
3046 267006182
2481 404029732
155 633628970
759 380366294
2539 667021434
750 826006750
1507 537143090
1610 69650290
1802 233157810
2998 711533974
3469 98347424
366 26380382
2404 280154204
3502 812564510
2776 857962632
1824 938298464
3122 380400330
351 210472382
3668 850507564
1243 89444714
449 167614964
1252 193687260
382 258992590
1212 747274020
3285 148695240
2505 220910620
3505 220899620
3021 772062432
1939 858289634
388 85385404
3018 375318514
3325 25646800
2474 457616914
2512 917678320
2612 89929420
1598 614140174
3059 936624194
2412 42887220
1732 422946940
2666 565228882
122 96587330
662 510380470
353 288440084
842 69185650
2171 318268682
3542 703711350
372 686717580
106 59718482
1353 875037084
3649 128616564
3680 272908320
1042 975983850
1756 145913732
1875 219001250
3589 224774584
1178 593843234
2625 250320500
2127 335422510
2430 913797070
609 391437844
1624 499225864
3315 296947010
1067 766744250
1520 974732880
1130 134316370
516 216067132
3010 226776890
15 333795310
384 694204544
456 969878232
1576 9296632
2664 735456184
872 694353080
1113 781418604
2308 762250044
2241 33574132
3205 697572920
2687 758075870
679 476315654
1442 359100250
794 507002274
3818 283388114
3664 765059184
1808 796986544
24 820885064
3953 611469284
2072 253598280
3534 304074494
2821 231797432
3070 539242830
2494 993663374
1814 923086134
287 368729470
2105 349795020
1529 266232204
1306 636440482
878 106199134
823 474276374
2576 75251632
2556 702421732
2297 908362380
1358 811456894
2726 175737382
686 813469982
2833 573059844
962 910483770
3317 628849000
1915 538278410
3377 303236260
1930 434027570
2495 676128030
2798 128100574
1441 373058132
1012 29111820
3768 981396264
3564 623528884
2961 45049732
881 897973732
3413 696869704
1203 265740034
711 709490982
758 700740694
2981 928822232
1317 759367000
1041 681840132
1071 383591182
1573 736001624
3138 887892154
2484 889152844
3314 696090634
885 227889640
295 836484230
2388 86799404
181 372104232
1224 190600664
675 571710450
3402 692919410
1960 518104440
2604 559602804
2782 30426990
595 291552930
3033 264715244
259 603379794
272 977570480
2312 465556120
3204 536988604
863 5841854
2649 45203564
1396 916449932
2594 52371674
2561 668263732
2242 403413050
972 188260180
3404 575797204
3745 327101780
2614 739808534
1924 104024764
600 422235400
2461 817717232
2695 436953830
2001 296488132
1014 143803734
3410 265944490
217 748081900
3800 196504200
3939 531795634
3712 617051520
103 164603334
3356 296369732
3077 202155960
301 9949632
3141 907344632
1147 362110730
2853 28682584
127 261420510
803 246341234
3794 958751274
3244 809563124
1282 594730490
1200 553030800
3019 464170074
730 623500770
3192 994897000
2004 290777004
1244 482997124
2854 957126054
1809 42845444
3622 788785830
2013 617049904
1197 230889280
3043 615531314
1813 793578504
2205 621383920
437 310926120
3049 309048764
3620 651738780
3752 38064760
934 952934694
982 139011190
677 770553560
237 703393920
1343 256928414
3372 280030580
225 247178900
1447 940257030
1321 105959932
3474 835479914
3369 186864124
3776 619117632
348 418993924
2265 887118060
2699 317906714
2390 961752310
2895 387619630
1449 809827964
2070 978763830
1078 467168534
2344 88338424
1893 620186264
53 412930984
3877 754236760
2434 461219194
1606 223470982
2270 711179630
1390 628553310
1690 805183010
1330 674484170
485 232182040
1638 767831654
2191 872054382
1026 477253882
1073 952393124
209 359688644
3042 485165850
2410 591825490
1040 764426160
2617 540100300
3527 482703910
2893 15623264
2941 853175632
2345 261341180
3259 812798794
960 975685440
3864 940499784
549 993266264
3738 75896354
508 690121444
1630 715685870
1380 620438620
96 261542432
3514 789311234
3903 383691934
3335 427321190
1865 71618460
1597 858257680
3892 806410700
3857 873415940
2113 974975604
2406 210458982
3145 874164380
3253 439801384
385 476905140
2064 195774384
3180 701888820
104 86245304
3297 121183380
2862 946944670
3181 820959232
2969 515530924
43 281520314
1884 162039044
2226 693559882
738 221475354
2054 29171654
3234 231957594
3562 187132370
3219 502376674
1006 726549982
1953 505075284
534 54205494
1165 96704160
3697 735191780
2332 397225540
2073 956110124
2644 318273324
2704 645517104
2110 790059790
210 214683690
877 595733760
2389 835910984
153 740640684
3456 459183232
1682 33462890
1786 700716482
3909 2698744
3831 812736982
343 967791414
2525 329399600
1355 919415770
152 359241160
2028 305525684
3464 779458584
3557 688911640
1356 506699732
959 573380894
2909 185325744
1310 406924590
1386 304550482
147 103189730
1405 777552720
1787 658520970
1045 118793480
3971 212073682
2692 481901500
2927 280543310
368 406240464
1484 959829844
300 872547700
3427 538693810
3740 121163460
3833 929736844
1961 26884732
1142 875572950
3995 884671530
3447 543699030
1977 402614860
2752 790813760
1432 451517640
1407 1824990
1697 258749780
2076 324024132
956 626845732
1387 570456570
3546 945043682
2002 251188010
1428 836917484
3016 327804632
1631 903649982
2197 723110280
740 888266460
2093 119593664
1733 37345144
3921 927524932
1862 173633670
1621 976847432
340 217826860
118 545856214
3790 1510910
3396 85799932
2603 813595834
783 710304494
2778 75198434
2797 296522880
1614 943505534
3784 367542744
915 834429410
1777 33314660
1695 531224830
506 825932482
3783 80435494
2690 62182010
2457 583482540
2348 40727924
1127 925421510
2103 210797334
2359 240003094
1583 832526094
2756 566148732
112 21651920
1887 924187070
3387 604378570
2254 226400254
1416 159172632
2619 957276874
799 483782014
3834 53331394
2627 695173010
2912 391442720
3149 868660064
3106 315723482
376 994870632
3848 340278424
414 52661934
3376 345135632
2362 842039170
1096 303417432
1032 987385240
3176 992904632
1229 136334304
2779 748910954
952 305681960
3039 354447934
623 330352974
558 43515294
2931 766700482
31 852153982
2707 162840290
1641 503427132
2136 701524232
2882 905820090
3263 596058654
455 439365670
2432 434048640
2605 682339520
3418 949673314
2629 646944504
2052 316608060
2037 5423720
441 568813132
473 628242924
1107 180630690
445 854376080
3288 305965704
742 61976550
721 395604932
1565 583323760
3540 843423660
3727 263104110
1522 846846730
314 78581634
590 579114110
2174 444728014
1848 480544424
3004 688020004
855 678121270
798 734966574
727 490301110
2863 265955854
19 671871074
162 126074970
3869 718880624
238 106821854
3735 333468790
2590 397912110
2458 326946594
2773 357582024
2397 391074480
41 775995132
3596 546854932
814 923583134
2849 82206164
3881 813428732
1162 331185970
3770 630448130
3220 313907180
2186 856242482
1397 949653480
1639 969633734
1459 761467394
2090 538462610
3248 989038224
3952 657034960
58 606001794
796 367524932
953 70878284
16 103219632
1523 347998274
887 653226070
2200 234489800
3318 359894614
3559 358010694
1005 994677120
2889 792387484
3086 607585982
1895 532690630
442 825109250
3537 878465220
3947 535809530
3644 752956324
168 669203064
3062 671126870
1476 38731132
2116 550459132
6 361814982
214 401961334
315 490200010
1688 351874504
768 449835264
317 443626000
664 914250184
2250 924395250
3603 328692834
3690 65181010
1966 221732382
1446 70566182
1394 980232074
1327 427741710
1797 956701880
2808 164013544
1037 272562720
1997 244986080
3605 656928520
2330 222923170
2787 700881970
1936 326301232
1132 157228340
1971 834823682
1619 512243874
2553 843673484
1804 580848404
3257 181547340
1257 881585340
1251 786296882
2911 612673982
1225 426287900
3609 834156844
996 360659932
2035 101671490
3475 713095650
1218 687801914
3742 673349550
2454 613468854
1103 314700334
1333 311794344
2836 884794732
146 982168682
2326 395075382
1314 205084634
1679 960108654
1771 541218682
478 953780334
3174 898791014
637 108298320
1785 119641740
689 608910884
114 22801034
1474 825753914
992 762736800
407 8943990
1776 842807632
2727 259503110
2214 451767334
2872 89895080
1905 698997220
2842 679967650
417 436630100
3316 274533132
2301 35559632
3648 700025024
3341 151353632
891 24655882
1605 453750520
509 187310544
1119 944477374
3309 342754944
1556 231386732
3979 658902554
26 517598882
2794 62168274
552 952781560
829 127577104
1826 862097882
1885 39358640
2599 596865414
1748 460887724
757 397844840
3554 510736154
1173 714194824
81 201105732
2044 535543524
3832 182872040
1236 883010732
190 693434510
2694 408539974
3823 413927374
1035 828302490
2892 394719700
954 212804354
729 869037804
554 476107154
2956 619715732
1304 511576904
2875 479010250
3080 280064920
542 939938350
616 131016632
2871 380316182
1642 835418450
2982 78673190
907 787134490
369 161265124
2167 90539350
3165 123402160
3651 115988882
1455 460054670
2754 925021754
1242 72622050
1481 663944732
3961 809214732
3368 242601464
2413 833512704
2978 739647834
2049 73235764
2963 652291554
3399 694075814
2596 139979932
3170 231320730
3393 868091764
11 23395482
2207 613249790
1402 766617410
3150 309108350
950 905478550
303 414942734
1933 184880544
671 694781182
257 350604340
2384 857650544
1139 104407234
2800 921445200
3633 478721444
1707 500159290
1901 311717632
140 167367060
286 505543982
1889 315934484
3215 23552110
2856 944202232
1208 654850344
2224 385963664
282 820099490
1068 855861364
2973 292285424
495 509070030
3894 884439574
3645 674628880
3789 454025184
551 256213382
573 605284624
419 242924274
1344 323455424
84 232057644
2479 964263054
808 175959544
280 237755720
1418 671499314
2983 605253894
1410 663706490
2238 184435854
2990 839751710
1170 907162730
1376 365625632
3896 469387432
281 840562732
1198 294873374
3250 839154250
57 13928140
1571 437453682
1291 931113882
519 879337574
973 488051424
1518 609538014
2546 25468682
438 60303254
3068 311835364
2153 761434684
404 926868204
3426 744105882
2791 218381382
2420 916323980
1503 903619134
2852 476968860
2346 811073682
113 333861604
2640 317864560
3391 273268382
3584 868038144
1994 162021874
1494 766880374
1612 753118420
570 911795330
666 825038882
967 340250150
367 27945550
333 320117344
2452 517108460
1213 462204304
470 953677430
1217 89222900
1850 487371650
2926 850828382
1934 521957694
752 534311760
3337 828413020
339 387964834
3216 328163632
897 383692980
3067 763226250
535 346367990
2549 972892264
2306 670975482
2314 77587634
3029 72821704
1024 321048064
3303 950833734
1044 694460524
871 444266182
1172 68454380
2206 428951982
2419 488590274
196 527159932
2573 612718624
183 361958294
3478 606321334
430 613719070
3036 614297732
3816 468280632
2844 625529924
3470 92314430
1970 558745930
2671 732431182
701 696351632
2068 210848364
2291 19458882
2263 194601654
202 923156210
745 148014780
578 295695034
2216 224768632
2718 67882414
2012 518322820
2572 545333780
543 245938814
1497 755225580
2350 777301150
3923 855879074
936 297786232
198 818906374
3519 290636574
1357 470713440
3184 438548944
125 465298000
1342 567131150
624 151462864
135 515100390
1240 169165960
965 638154360
3231 104905982
2775 314439350
5 359688120
2239 424085534
924 832461764
627 875171010
2503 698116134
3105 451384020
565 290574760
557 86568640
2566 52349382
2353 207634084
2524 345042564
3378 638066634
676 982767132
845 174147680
2487 764843670
524 852716564
1214 553864334
621 818322432
2562 591621370
1022 671761230
1913 556584204
993 597122964
2876 695508132
1029 537035704
2262 913438070
3844 9412924
3001 504493132
631 447664982
2181 258674232
2665 461977660
1512 555467320
3575 959886550
597 213636680
1066 54356882
2399 47162814
811 854487482
3013 582006904
2123 412128474
3523 872832274
2689 917416884
874 324716114
2685 105653840
713 32875804
990 224153710
2636 345131732
1495 719599030
1922 341195130
1371 523528682
1652 875467660
412 13665220
2565 622072760
1341 254063632
1964 813604084
3293 102678064
1907 653015490
1034 171266994
2497 171246580
1720 435088680
1336 339672232
1051 576115882
1155 730517970
661 373540232
961 754719732
2501 682240632
2807 565138390
391 84433382
2178 220890234
220 484770180
1670 83452230
3329 265559604
1839 597944334
3531 120251482
3489 556339284
2464 699055584
2342 872522150
1000 986259000
1660 232048740
2575 877677550
2182 24728390
3599 192978414
422 277838630
1445 577605080
2087 347899270
3671 870256182
3460 105482940
3412 176498220
3761 76701732
3851 794089882
2995 309142530
1443 721872114
1047 97648630
2112 203273920
1262 987727070
2673 836420324
1322 884432530
3266 889165882
1859 666216594
2950 141396550
2023 324456774
101 451508632
1703 482838534
1060 691357340
3652 674769660
2098 956073674
3619 148309874
1782 636795990
3815 125821510
538 483233954
323 345417874
1148 589607524
2394 232415074
3629 135437504
889 585481484
642 352227450
1256 590546232
3406 965593982
50 417845450
3298 317634074
562 638599370
51 372810882
2307 528247890
2095 723996430
2373 57695224
1375 243746750
1595 476681930
1803 218638234
327 814540710
3646 973031182
1854 21783054
581 30698232
3837 684493520
479 149077054
2234 993134594
423 376269574
3693 949092864
641 749982132
3011 301790482
929 683576404
131 374422482
3900 160040100
1744 659888624
1194 299315474
3363 172234354
1725 670592400
3131 361377482
2877 288735760
912 616220720
107 111549690
3993 707233964
308 520196044
1607 369921190
2799 336408014
3224 327326664
3576 887206632
3159 225981494
69 982975224
3390 40951310
2222 585286430
1568 815104864
525 377581600
1566 283854382
3327 892143710
717 200402400
46 365281182
3295 858471230
148 600940524
1312 52545120
392 504242200
2710 70731190
1176 911794632
3773 929499024
1363 166120354
1768 881022264
3940 588743260
3496 167597432
1531 919481482
1420 690744980
1724 70032164
1588 8153804
3424 285119264
1683 811373794
1908 195119244
2018 761631514
1692 765410500
3186 67257482
582 29158790
191 390564382
2050 110963450
2588 831060804
1171 799443682
3586 880543482
2795 763556730
2896 138712432
2805 497577320
3656 677190232
228 25381084
3476 967441132
3226 94414882
2077 533454960
2415 544952910
3384 558373544
3691 316421882
703 485141534
3443 487346114
2055 950548070
344 304572424
2360 63952040
451 84612882
869 74281624
3449 332253964
425 703320700
1920 85284480
165 702355160
2245 773308280
3338 94053554
1281 885447732
555 302864570
102 619691110
3518 836912014
820 233477580
1746 306928682
2336 266587232
1852 1117860
3429 258058904
3934 898003694
1470 920556430
1552 758832560
3500 90656500
1478 758627334
3695 88682830
3796 197749932
311 104104982
1216 867373632
3511 209272982
2569 603557724
1685 497384840
3757 847787840
1452 939657460
2079 82505854
1276 989980132
2300 438665700
3970 476503930
2996 733209932
925 49225200
2440 584244760
3716 34611132
432 214986640
1585 172587940
3307 38528890
618 875749714
1502 937062510
3723 269435674
767 379641950
241 577484132
544 928669024
411 59261482
3098 949440674
2084 547903644
1989 225009784
813 523821504
420 211165980
37 285701720
650 732460850
2500 739397500
1676 277322132
45 293964480
3129 172941004
1052 637557060
1059 616078194
3999 760303614
3375 763764750
1064 759771384
402 422466410
2703 226535534
903 305000934
599 642639414
2029 431928704
3696 223572432
1693 310618864
2071 927816182
3793 904346564
2781 226525232
930 783988570
2 613686010
3737 118357420
481 669859732
1505 966921620
725 618483400
3627 724174010
1555 298153570
1365 745093960
1627 412172010
290 218664410
394 474049074
1563 312451754
580 408967420
1 118478132
1427 125091810
778 871904434
769 896758324
1534 724828494
612 162307420
3856 85037232
3687 571836870
1278 17977934
826 105642882
3208 439704344
1831 764366982
390 41354310
2708 88740844
139 683454234
3870 404746030
2910 210634990
1234 500311594
608 221274144
515 81769810
47 813327630
1241 432529132
3195 44568330
2031 814923982
1625 426811500
1403 60199434
2783 211058494
1126 609249382
1351 337577382
2041 333685132
55 959970070
2677 565155560
3986 453189482
90 465664610
3264 983697984
3636 941846732
586 790298482
3352 369644360
3949 54110464
2747 48064330
3763 451537154
737 453174420
446 617591182
919 399590774
3397 578495480
2959 944726894
3211 572403482
1061 143366232
1389 232457984
1297 441541380
2732 329277940
1253 977807384
2159 718108494
3517 759917200
3395 969834130
1285 982957240
3654 922520454
2165 237053160
1993 221159964
1323 39634874
1092 13595900
1140 318066060
3093 464230664
3071 218041182
2530 902130970
3845 277034680
3625 819829500
1226 38704882
2637 523220320
48 638103824
3956 735150732
568 333117864
1969 659397924
3388 706506404
660 613429740
3438 143324254
3868 409744964
2255 493725870
1896 554037432
3951 79330382
2281 676332732
2965 766452360
3788 283269204
3886 613837982
3667 264050850
1524 225879564
3323 666068874
3158 394965494
510 61229390
3719 303443174
3549 81705264
2403 880096434
3095 528125430
359 563857094
3875 485019250
659 230048994
59 574805194
1886 293407982
968 756392664
3345 501970180
3436 642823732
2742 723558550
3678 435210734
3980 785040020
2567 859355750
1050 891404450
2150 368949350
3828 962710284
3799 881721014
2753 669552884
1175 135864950
2184 687025944
1081 296790732
1472 119695680
1666 822133882
2968 263166664
3561 534028732
3781 636410232
1611 723019482
1487 646282670
3301 167364632
3569 307290724
3101 761323632
753 953558884
529 244339204
1309 149208944
1819 221570474
3471 463011182
2433 759269044
1289 108142684
847 461104430
809 692072444
1098 708706674
342 7740150
39 777388934
3750 951283750
3666 54323882
3005 502655120
839 354791334
2972 533002180
3574 409296214
130 281077370
2700 229969300
296 90237432
700 867051300
1490 723303210
418 651412314
123 176094474
988 192489604
283 176365994
89 818239084
2119 516510374
2638 78038654
274 532238314
2814 668589134
2765 599342560
2913 546941204
1757 801825840
3035 121040490
2170 696241730
3541 585202632
3351 829787382
986 667744482
1501 347235632
3370 507856530
584 156269144
2555 39442570
216 255978632
726 866027382
2657 198238740
224 741237664
639 675680734
1227 27851610
244 438714124
2376 482380632
229 38241304
3890 235300810
2679 189901654
2735 491899790
35 300933490
2316 196538132
332 127363540
719 44544174
694 802573974
2554 753193154
1546 851893682
1900 406722100
497 85204580
1456 720313232
3583 926880094
1204 590102604
2770 247769130
3826 613007882
3432 162579640
2760 369159640
1940 455745260
607 427840190
2276 132135132
2993 591196964
3865 742716460
3718 503769414
3199 385013214
1662 588491470
1220 15149180
2243 149981714
27 431050410
3143 137295014
1184 681502944
3885 900296640
743 713926214
577 804153460
1519 603770574
1832 675010040
1489 654233284
2428 900464484
3675 504137450
3941 22420632
2048 412237824
1727 1902110
1616 640811632
1319 679203974
3808 277040544
1325 480228800
672 598918880
97 546076180
2786 13331482
105 384617020
3731 284448482
1457 357301540
3155 162295970
215 140605110
2218 504688914
914 384963434
29 388142704
206 55081982
3854 638469054
2658 287651994
2571 854678682
398 934419774
3094 807813174
33 823084244
2607 58002190
355 873326770
824 641335464
3403 445993434
561 174733732
1758 834467694
1882 537589090
3582 362451790
1654 204234454
2266 298470882
1544 896752024
1719 718177174
2769 964624324
1013 398092904
221 483792432
3703 716232534
25 980877100
3602 229669610
3607 492083190
3109 169120344
2784 768419744
1286 199158982
2145 582735380
3333 533148344
2979 759309554
3302 870734310
271 765331182
2662 412602470
141 28009632
2091 22109882
172 565883380
1800 392386200
2626 284381882
3899 172282314
3125 316825000
447 757536030
2152 920543160
1974 923435414
2830 651892670
2681 321566732
3271 245606182
3451 627727882
338 934832554
180 442271820
1878 809446134
3642 39800450
2008 890711944
1275 541075850
695 371495830
3813 571092504
3779 699303954
3052 741659060
3188 202885004
3782 170057990
625 349302500
940 508246260
64 69768384
496 108772432
52 704506060
1545 685957980
2289 736995684
3785 31379740
1189 281287384
3987 216435170
3994 107587874
1591 234287382
2746 429703682
1453 69726784
766 686178382
3919 506089774
2352 20793360
1550 282933950
604 307916804
2717 374684400
100 660055900
3290 294461410
1999 517277614
248 861237224
2563 891708754
854 832440054
1354 708861554
1602 404967610
2259 330325794
14 941100734
2991 380170382
1686 405484982
1516 751262132
2047 127969630
3641 248317132
121 393809932
910 354396990
1260 15081140
923 992428074
3324 657492964
1190 331433510
844 95763924
3846 921386182
3247 629074830
1780 865214220
54 498085654
880 257319120
3852 698819860
3879 530373254
462 64278270
1158 584711494
2942 933836750
1137 807278820
3944 583831224
175 444055950
1650 53619850
431 725987982
1500 134138500
3440 150743760
928 959893984
2209 112034644
2120 925320280
2225 351396900
3026 634563882
1399 146249814
2653 607883184
1016 765414632
85 995834440
463 231899054
331 311339482
1762 732332570
2456 216748232
1168 252790064
3092 497377900
3938 851577754
1510 217948390
2210 426521690
2914 79169434
3593 291299164
1288 761751704
3754 631764754
859 828143594
1754 964278754
2453 376923784
3630 406163870
2526 690486382
3928 769534984
3435 457668090
3400 316960600
134 914836294
448 274210624
38 343180454
1957 252142040
611 861954482
3328 390486784
3567 103596750
2532 768331740
749 536948864
3015 369142310
647 14400230
1468 228336164
1943 508490614
3969 117663924
2615 629842710
3525 924308600
1741 514801632
3578 872036034
2591 246432382
3717 80825400
1302 893632310
2489 232286284
882 915358090
219 862477674
1406 201323982
2343 292065414
3507 710105090
2441 923303132
1952 10132960
2734 394296094
192 464424000
149 475421064
3801 888017132
2442 639091250
3232 437193440
2273 726373524
426 931940882
3490 84901210
2189 935540384
2921 353199932
545 988128980
1207 823568790
136 492094232
63 217316254
3544 70918024
401 235360132
1992 657027800
3 485623634
3197 961331280
3048 918304824
2256 137781232
1706 680734482
2340 163624860
3601 507376132
3733 55499144
2247 903553830
1646 930681182
3632 77805840
2369 432331124
1923 534245074
591 968142382
197 484668280
3847 942467430
2261 9004232
1910 409515990
2962 660305770
1308 268223044
3572 438304780
2268 251365764
1696 206622432
3292 789876100
2318 822407614
3411 32856482
3597 385499680
154 498769954
461 273387232
8 496257944
1345 766712180
2303 359536734
931 261130482
1879 426387254
3520 121090880
1634 727920794
66 904861882
2632 400074840
937 35306620
548 426887324
1575 541468550
3452 840559460
632 282612840
741 786756632
1426 789995882
1856 549367232
1419 992757274
3416 518362632
1296 81312432
3009 528493044
3344 599221424
3672 963631880
3491 990192882
1795 883227730
1525 480490600
42 340392850
805 887999320
1235 503296290
2357 722294440
3594 999754674
1617 554559300
487 273721670
2822 104889030
1223 331643174
3240 657763960
3260 693519140
2107 995711690
3256 431016232
1023 808039774
1978 315800834
2722 607971930
2828 254763284
292 335603100
2811 221017482
166 981241382
3841 466926132
1329 882173604
1279 597071454
1980 272362020
1649 707790564
2111 808301982
2683 960150794
2249 540718364
1079 700312854
569 434091724
1180 782810820
124 632331364
3764 204049484
334 889600894
2387 714417570
3100 780632900
465 697329860
3374 559123614
265 403220060
3237 749576920
357 965132440
3284 849731244
3348 470594924
636 389701732
710 112893190
1400 309642600
1975 706432150
1469 386081424
1129 687955004
3228 368422084
673 879786324
3766 839263382
2398 530753774
3694 330522974
253 365810384
3065 796197260
2806 342992982
1775 29030350
563 479194754
1486 707401982
2568 43091864
3643 208013514
3212 370096020
1349 307036664
1258 549354194
3066 591346882
1412 655276220
467 669679650
3235 694434290
1483 151138394
751 491794382
3276 20290132
1926 373773382
1411 971126482
201 81999132
3803 401232234
79 64119854
932 115002140
3007 262114590
2009 482520044
3741 208891632
3287 876812470
464 776249584
1739 635059034
1951 891920382
2022 458432230
3822 434360030
2823 354710374
2545 129786980
3485 209389040
3506 777137482
1789 704319184
1680 607830320
319 903970974
1450 809708050
1186 391227482
709 893025144
1664 451853184
2597 248878680
1711 545155982
1643 544139514
1159 956235494
2251 684801882
541 10667632
2074 35351714
2496 735322432
2595 407810930
264 828088984
3218 67575914
2639 9586734
1909 113952744
226 129849882
500 274879500
363 282063354
2820 735435580
1401 849765132
1891 214600882
2804 28891404
2449 198040964
2046 220431182
476 693376132
2788 765162204
635 47834890
163 274771954
2835 737486690
3466 376824882
831 359181982
1094 405047174
2634 119143794
2283 931119994
851 555774882
3860 498930540
1618 845036714
2873 176203724
1564 259522884
2577 649555460
2688 149381504
318 985433614
1493 190891464
310 199405590
336 158757232
875 704992250
2290 189862410
1303 514239734
1301 649754632
3206 234886982
1868 360170964
2233 637133644
2832 555941040
289 225289684
499 168258114
450 437749050
330 872045170
680 394291320
2422 901980630
1163 209628954
429 878179904
3536 643605232
3967 530173150
2236 835325732
807 36576390
2934 836980694
818 289927114
2945 436198580
3448 249611624
1233 874056644
2510 120667390
459 821794394
3030 305700470
1578 75142034
1003 661120634
3937 548089620
2621 881372432
3053 639321984
3746 298478682
978 637953834
1077 610753960
2925 797843200
2902 556593910
1056 650619232
2888 678402904
193 915013364
1008 320484944
3581 174753232
2421 720787432
2702 184283710
3230 149348270
858 475543394
658 223397994
2646 78856182
2750 163524750
3936 621331232
2217 176363900
3905 749775220
539 282315434
955 731460170
3568 17078864
2749 414974864
3243 956518714
119 118444374
2564 568525884
760 436721640
2541 314357632
305 326854820
2659 753794994
3964 974410084
1972 487631180
3914 545272434
2097 835318180
2670 745531230
3755 993709370
3144 317364824
2202 459058210
2610 946969290
2229 980427304
159 940362494
546 424318682
832 540079040
921 442549932
1842 501576650
1108 338937644
733 147268144
2536 21490232
3722 962842930
1488 961893104
3063 336087254
2237 321515920
2582 172020790
3040 354624160
460 859225940
406 938188982
1001 834483132
657 593476740
3116 679254132
772 497905980
663 23950454
393 300780764
1655 433712470
3708 227167844
1815 429323510
3604 804445804
3357 719875440
1853 823085584
2375 630755750
3075 700532050
2331 121709482
358 576129894
2104 591931304
2801 883212132
904 610439704
2032 71516240
1817 571987500
1504 246905504
328 123645784
2989 676062784
2857 2834940
1540 507225660
293 459167064
3880 983536120
2446 269541182
1004 639534004
724 747669164
3362 488350170
2923 822062074
1340 317725860
2824 981261464
194 742332474
2355 711504770
78 560721534
1513 289321404
1248 824504224
2767 528523950
1577 853854460
619 813210874
2185 583269340
556 506351732
1221 743917432
3795 389885730
533 138772744
2311 724634982
1613 159947104
2304 86619904
3902 265744910
1738 760282354
2534 141451494
277 689713160
2706 613669482
232 337200440
498 438366474
606 11135982
3073 705827124
1053 75727984
2845 163405680
674 537383514
1636 494416732
2686 743499982
1925 50534200
3888 171109904
682 360431890
2837 408832520
1102 40042110
3054 913714654
2764 199846484
1436 93793732
1337 769091020
3983 423830894
1069 321708224
128 224576384
2719 137810174
1101 142113632
3262 585149070
88 547543304
1956 250280732
643 331202514
2409 931389244
3221 502167432
2701 518761632
3118 72717214
589 566815584
2203 136437034
2485 804320040
30 431783470
537 60882220
205 707005920
94 822664174
1458 371019594
792 153398600
3925 291152200
3339 736423834
3140 857464060
895 423761630
383 288233694
1899 878456314
1089 751892084
1062 972104870
1246 400291182
1087 127738270
3057 997271140
1551 332518382
3945 524427580
379 431647754
1264 467291984
350 236583150
389 375004984
1535 746736990
2506 47402482
138 576271154
3704 864960104
1222 849415430
1561 548498732
1508 387348444
387 172495570
3458 28873594
1735 396330790
1761 192771732
2026 182908882
1116 167664132
2620 730959780
3585 185925940
428 519370484
3495 378657030
213 40047304
3422 333051630
1593 602025164
3163 317342954
1937 793567620
3730 964017770
1105 994206020
2574 56833214
234 753488594
3553 871470484
170 864083730
2684 844537444
821 270347432
1792 98489600
2223 797260174
1791 257036382
2992 297318800
1182 478697390
268 388991764
592 733900400
1902 593442910
687 368553870
1755 866731370
1485 145251040
2423 459903574
1391 401378382
3814 160092134
2736 966233232
1086 880755982
3437 204709120
1788 993055204
3346 781448682
776 573652632
2322 594903530
3360 250771040
3653 610280184
1750 121765750
3061 382896232
3836 430709732
2866 483367882
3676 104432132
3497 333267580
2368 217814464
403 986302434
951 917215382
3185 64538340
2385 99843140
3714 72371834
1015 266244310
2917 936232600
3028 216672684
1315 346449010
781 644755232
3373 731212224
1019 523304074
2751 288804382
1904 287082704
1995 479613530
2622 408514830
2134 205282294
1063 177573254
644 686907324
2493 687928464
1822 521418030
1298 178500074
2838 309600054
1729 840130804
3041 731530132
3516 59652132
3658 938778994
2533 766526744
3008 206938944
3349 880262664
1206 369016982
3207 148930790
2088 701357304
969 549264924
2840 241324360
3598 600874174
2235 725865290
3817 187469500
3304 407662904
801 111602132
3769 617557324
2869 91347624
3319 467669974
3670 153610230
3805 421366320
2321 86684932
2195 265839330
1667 572368850
1708 696313844
1112 739462920
2560 121635840
531 438096482
2033 704838244
1335 286983190
1080 310186920
2843 464383914
444 467890724
1816 312290632
1962 912394770
512 939256320
3929 682455404
2897 266534980
3720 479846680
3521 328274932
2213 630361304
3365 670191960
906 351506482
1477 210314360
1554 741650154
3177 605056060
1039 223741934
731 754693482
1462 193189270
1266 453775882
2114 123407034
2691 583676882
2288 660858704
3591 4577382
111 86171982
1332 389294540
2175 573673950
235 26727290
1215 22254110
3992 683609800
266 355080882
1537 920743220
1945 93969580
173 481877824
1346 586698682
3444 686339724
2498 983900474
1709 269198144
2282 115361490
1392 550933200
1752 289562760
424 851430264
492 970341300
3494 966446374
1651 776178882
28 721231684
2143 305358014
2641 2872132
199 529874214
3883 603403194
2166 975431382
575 951259550
1177 64454060
160 958870240
98 207339674
2392 343624200
2058 975055794
2163 890485954
3433 217546044
836 30964732
523 704581274
3767 721964950
985 470466540
1228 393728084
899 850543314
2785 702510740
3931 638485482
761 869806732
2731 361863482
754 749535754
2772 944247980
3462 689011270
991 305080382
2140 214765060
2172 317025380
2887 941148070
3179 959548154
876 461998132
1274 468901314
80 944247920
1701 234556632
1955 625149170
2036 865182732
1553 561876484
2929 270162404
2697 623970780
3965 449601360
2329 700866604
810 584915090
44 599377524
3977 536816860
735 46761790
2656 485555232
1737 262235420
2623 312386974
1209 862861644
1100 620914900
1883 661449194
1766 657873382
1157 589917240
1009 182547044
2528 542849184
1820 611456580
1700 675510300
1743 901463214
3434 649242194
1958 630733094
946 625828682
790 306713910
3639 795539734
1983 532676894
913 312227204
1640 548165560
2155 573406970
3032 901647240
3840 706223360
1152 266892160
3539 478374434
3087 314060270
922 529124130
3613 39061104
2720 584467680
2932 80064140
2521 652349932
1360 623133040
2939 822042634
2558 158569294
3022 991103230
20 948214380
1466 43034882
2879 605380254
3480 752120520
2338 961646554
1991 469625382
2486 96216982
2587 112729770
995 396084530
116 530869132
1088 751450304
1133 733778944
943 371753614
1128 618323384
3104 963774304
349 639423664
1122 111858330
540 458126660
276 593825132
3074 514814714
3113 914532604
2728 719998584
2743 835000214
326 882165382
2954 286690354
75 310905050
3580 363784420
1293 261004064
21 601287432
3463 45870054
2089 431545084
457 877120540
3483 296292394
1506 63667482
1580 647906420
1259 593852794
3797 382343880
2550 375492950
62 741593870
182 678666390
3792 226671600
2755 557220370
655 463823470
683 408596794
1031 460538982
1408 179055744
837 95510520
2476 130086132
3340 755523860
3401 316575132
2294 768626774
1307 763966890
3465 889776860
2007 675633590
780 677075220
2716 58216132
917 863550600
1150 174790350
1963 174634554
888 930988904
3997 569028080
3299 890814514
1057 595709140
2179 856755154
2915 988127410
1187 311184370
1011 36860482
2738 45089354
2142 231763950
405 244163720
984 649918344
2000 718518000
762 679621570
3051 220725882
68 246874364
2325 379937800
857 499672940
1928 150440984
3683 854927794
178 712796234
2383 992187694
3382 744685590
3615 901891710
3223 8877174
598 239773174
3459 878813394
2519 74203574
1986 183559482
1745 795043780
3479 990856054
1609 793010844
2030 935061470
596 564229932
640 524466560
2099 453558914
70 95805830
2535 893105990
775 489621350
998 419999974
3265 748067060
1471 831761182
3405 82330720
2287 961451470
2935 280533590
3454 396411854
3610 570288290
3472 210437680
3759 208785294
957 898961040
797 362880880
1316 864543132
413 344798704
395 24047130
1906 487641482
2450 927667050
1620 556180780
3394 230598074
1877 569234760
2660 596667740
3172 311596380
3512 25889320
585 284918940
1950 150437550
2253 335804384
1592 729791400
439 186410134
1645 91770880
3628 241440884
1946 951803682
3056 592689232
1313 440450004
2527 428302910
1144 939998824
3842 604358650
2725 468701400
2341 829708632
1731 185278482
2937 297828620
3920 28442480
2129 557448004
1114 200104034
117 349997800
3811 523282482
3996 38484932
72 451656280
1084 516980644
3626 583636882
3973 813402424
3820 605414580
187 862423370
2364 127045284
471 135136182
1058 917528794
1379 991640754
2125 620316000
133 691301944
2382 503454590
1572 398362780
2429 718765904
2465 79627860
341 424418632
1010 421338890
3998 476300974
1917 26891600
678 935069734
1918 336292814
2416 465767632
3958 34587094
3294 792209774
91 489819882
668 242746564
415 137254910
1584 314192144
3872 906666080
1835 667317690
1973 517168424
306 347905482
2819 615803474
1807 927857390
3441 219548132
638 203624654
2744 323171624
732 262615940
2488 810200104
3217 9504900
1668 699333564
1603 44498834
316 278548132
3908 624373244
1326 765620382
1025 210786100
560 87597840
2792 789580600
2401 210170132
3135 259007390
1115 995519210
3526 15141382
3210 151440690
2951 612625382
2630 187924870
2669 135361024
3706 292604482
1557 541349640
2976 830513632
2248 533771224
3686 827514982
2652 402118660
1751 517299382
1283 680742994
2447 868978030
3528 326996184
2333 49471344
120 67762280
2609 940583844
3876 431263132
1347 783414930
1247 924032830
1581 999383232
2045 689622480
3918 360466814
601 578561132
2818 872901114
1093 520956664
3702 944234710
1798 58533574
782 989164990
3389 185363984
3229 570520304
1499 297771114
3242 480204050
207 779887790
1873 375686724
1414 153764934
2809 139618444
3252 196189260
3681 756851732
82 834693290
3083 748541594
1038 59787454
3241 380619132
3804 222934404
3887 704109070
3161 18202732
2296 818387432
3467 240602650
1622 774243830
2810 491953090
2310 360443590
867 211216050
1261 813039232
3112 413084920
866 844777882
3509 706229544
2141 534899632
3982 167504190
3277 305416160
3006 694019982
1461 672552232
3915 183976410
3972 324373180
1648 738691024
3200 661948800
22 631090230
3153 890831684
95 353738430
3236 533640732
2162 282296970
176 490239632
688 300367504
3962 154216770
613 839390104
1370 285298530
3358 520110894
1694 232556974
3099 176671914
3571 17903682
656 340285232
2696 842097432
3055 564837070
3381 902936232
1981 315737232
1644 629590324
1104 966088304
273 566539524
195 946381330
2277 687515160
243 774907714
1663 831807454
3133 56732944
736 61603232
156 145217732
2292 225785100
99 245332914
2552 310883560
1818 208414114
3677 81456560
1421 765462432
2144 755681824
935 936995590
1944 612865224
381 606481232
2438 36317254
2468 481723164
236 676695732
1673 985103324
2551 154823382
3090 693861610
785 282772740
999 514764614
3482 404838690
2999 265790614
2014 92506734
583 404349094
966 300837382
2361 264630732
3023 586873774
2515 438667810
3175 757482950
2400 940301600
3882 20051090
378 909325634
109 345401344
521 538499932
1767 81082950
2075 491323050
3930 972105570
1245 253279280
941 752685632
2158 616838494
3724 952758164
489 822180284
2081 138475732
3657 119619740
748 624620724
628 203199884
3699 888619714
2705 441228420
87 653577270
3064 377777384
2003 582617634
3912 398053720
2816 517285632
2370 23577530
2960 806523440
579 163966354
3492 272214300
3366 484265382
1448 186677624
734 408650094
421 556137432
825 185124300
3775 345848350
2377 710735260
74 314425714
143 879484014
3924 885150764
2319 200436974
2924 121587764
602 111616610
250 332877250
1368 939027464
3128 643817384
2040 686525160
980 135023020
3132 20690340
3169 256277524
2858 438197394
2471 274386182
3960 840942440
3072 273569280
2475 605486650
2324 741529964
1473 784359924
1138 267478154
1764 941643484
1604 60759804
3753 646549884
2672 96060880
3684 469060444
1796 231599932
3988 356410604
852 271266860
2839 587097334
2436 995308732
1149 193834064
2135 265038390
693 610381864
2680 567369320
835 343148690
2834 966908394
3282 381992490
3981 287907232
2955 264838170
1271 512756182
493 439854464
249 408692364
3251 329306882
574 589907214
765 369444560
3361 181195732
2698 782573874
2865 34167460
3529 548018204
2347 737535930
784 808173744
963 442977554
2198 516840374
1857 878253940
718 434108414
1658 382524994
409 280643244
83 845010594
649 116377564
503 855122134
49 839609764
1146 511343682
1699 493193714
916 660625132
3096 625167432
3660 707286740
2148 324274524
3991 36715382
948 12194124
2759 853312294
1377 864234260
1987 487313170
2069 406441224
1210 447602690
2187 505945370
1007 835152590
3665 221326660
2313 583207004
453 508529784
698 338639874
203 141043034
3024 559374064
2405 56941720
185 858731340
2504 771148504
3515 736116810
3364 232848284
491 877557882
1843 556246914
144 870315824
1393 77217764
884 80316044
2444 200856724
3762 75754570
773 451748024
3168 657964064
971 265198682
3725 12810400
926 642718382
3647 648163230
2160 196108240
3513 219235404
2138 704685154
108 540110644
511 311877982
2618 560323714
3827 99494210
3308 2277044
157 33536240
3498 875667474
2907 264896490
1823 41493374
756 471678732
3034 4512994
3917 591573600
76 684114132
3355 249593770
1718 377995414
3127 491423510
1036 862067732
184 421979944
1151 532476382
883 309472194
3091 907254882
2730 771178770
1600 256094400
2761 261736732
3281 213217732
2870 47467030
2651 573083882
3715 365126610
1250 755636250
2861 4663232
1532 811200740
1017 641314700
275 874666850
2027 555852410
949 270471464
2085 771172440
3904 878368704
3280 421172720
2874 639242114
1988 167796604
3336 939502232
3623 422403974
2407 740705990
645 419341880
34 373643994
261 363074232
770 720411130
830 555014670
2633 71244444
3935 71302590
3551 723128382
2418 437586314
1864 728893784
1049 583422764
527 557500910
2790 23911910
365 401544960
1677 794854560
1812 40800620
3322 51374530
3778 295845434
3976 540868632
3430 182836070
3748 371421724
1656 39920232
2246 650066182
1931 640915482
3532 471462740
3819 756036474
2740 630864460
2878 258693134
1021 912212432
373 948661224
93 668319664
2908 536746244
3278 967271934
3238 342242854
2472 292066680
270 929821630
920 732705480
2987 478874170
2190 715432510
2284 123608244
212 54863020
245 479250280
3889 14840484
1199 735587214
2204 190545604
1629 904451504
2025 186695100
2221 750042432
1409 733016244
3167 436380350
10 137619890
2711 126820982
979 198123554
1164 464801684
1840 522425360
2508 830575444
840 549526360
860 557473540
981 448652232
970 718866930
433 80715044
1836 84879732
2585 806256940
3003 250114634
1384 902927544
3631 53619982
17 249373700
3862 466255670
1965 829303360
3774 449308814
3139 184313234
3423 620720574
3196 814584932
2363 796177354
3878 453940134
3984 56887344
2885 596827640
288 608644704
2860 439111540
939 640536634
927 612941310
2086 371170982
1075 28114050
870 570909030
3895 988548630
474 939890914
2667 45209850
3587 951890770
3689 190669884
2901 545122632
2741 988846632
3385 530312140
1938 637563754
2139 271360234
2900 910381100
873 321169724
1320 704217080
1838 50193054
3570 974232330
13 925135904
233 856979644
2602 444318610
2763 177080154
2654 190377454
1916 94220132
3272 647083480
614 893202534
1294 491043774
2774 147645814
804 878805404
3178 593937234
302 524081310
3830 819331670
3530 145769970
3227 543053610
1124 107094364
3255 57214870
1858 583870394
3913 283298204
1028 140378684
375 602737750
1949 785684464
2469 369214424
475 628268650
1123 921111474
942 373854750
2323 479851874
2864 961696784
2109 148547344
553 26079484
1691 596931882
2648 346358024
1328 466592784
536 15260232
1382 8223590
504 468662504
2880 328797120
1867 887257050
2470 633435430
2100 327773900
1967 990891150
865 855069460
1475 243877650
2425 705938700
2793 737509564
3453 430120784
137 845817820
2169 450944524
3608 474755144
2063 883830254
1601 142166132
3893 157060264
2021 969137432
65 298950260
2919 391256774
2547 297880130
714 759662834
1728 732651584
60 920338340
2980 155701020
3420 887902980
1543 484275814
150 726631350
2060 208376340
2674 953509514
1191 758309382
1444 461373724
2339 874270834
3084 324826644
1117 716538800
3777 269116660
2393 599654764
1413 716155704
396 950774932
2302 9183310
2414 867934
1141 908454632
240 43866960
2115 648568210
3916 199410132
2936 100816232
3744 732454624
816 853295632
2062 948615870
132 844497340
1830 230453670
898 428753274
2958 459660094
2293 808841064
1837 879171520
1672 974489880
2349 720649664
2267 86553450
1665 448628660
2083 701364594
3182 316759390
892 809337700
4 734291004
691 356186882
1496 49047432
161 354107732
1559 291464694
1429 925472904
3624 432751864
667 845527850
2067 391985250
3688 692888504
2883 759426194
356 730864732
3130 78794370
3771 20068682
1424 249993264
3522 912188730
1153 378037684
129 564462004
1948 797661124
1653 351486184
2437 827448120
1372 138488580
1273 773456524
2709 391371144
1284 143485244
651 725273882
2905 851386220
1801 624407132
3933 101434544
3409 875762244
1369 423798124
1722 999100930
2455 226743670
2137 514739820
3152 320194160
440 689246760
634 82697794
2260 481300140
3258 308808194
2848 37411424
3166 591526382
3486 231031982
2881 428943732
547 237238130
179 889169154
3275 111893850
3946 841753682
2631 105634982
1480 985442520
2986 445374482
1783 87681494
2334 78446894
1976 866158632
983 206099894
2059 403351194
3807 948419390
312 385534120
3044 122626524
284 909362244
1769 57691324
3504 41391504
669 16695024
879 993394254
3477 598516360
1558 228042294
2970 144624930
3705 390417420
1339 758117834
2663 385664454
1237 639454920
158 298584494
2130 733555370
1211 409073482
1385 415374140
3786 71946482
1239 282532534
3573 235435624
1833 962382844
3254 60143254
3291 853803882
1439 531163134
466 995139882
335 835814190
1156 971852732
2514 221608234
2374 155860614
791 41691382
2448 845144624
1515 887218810
1099 476445914
477 135213360
254 796914254
1167 490698350
3151 126286382
347 575293930
1046 919856182
494 286097374
3709 259544144
1331 843524482
1669 203028024
520 520553880
3121 488384932
587 672407770
3082 548986290
1890 76902810
2371 991553682
1827 889092210
3203 753134034
2507 250624090
3661 656635232
2606 181805982
2220 291528180
2230 829509270
1460 528644940
2427 458892810
3142 333954950
1608 893101144
345 18083180
3455 739432670
3446 214516182
142 265381950
3560 257654840
1263 539144654
1912 130831720
468 720949164
2264 852494984
1874 108979114
1196 543634932
3289 111848684
3825 503251300
3267 406994450
1395 259976130
3948 606595124
1110 785740790
1541 789512632
3713 156346804
1548 313954324
3310 59962590
2827 121293210
2240 40464960
3222 67157430
246 896516182
918 443205814
2101 578718632
1704 172074104
1192 561915000
697 639528780
3110 540378790
294 959460774
2039 416094934
1074 301888714
665 181279660
2817 506728500
3959 249399894
795 748898730
2117 829079800
1509 614283544
2918 975379814
1702 170332710
3312 624567120
1773 531665024
3954 942633354
1270 947500630
3286 824388982
167 636857350
3966 301522382
3407 225586990
2424 394556264
2102 206393110
252 311436260
2957 351323040
670 167373230
2482 189007690
2272 677912480
2543 468612814
2183 167512294
1311 41369982
3089 857198084
3354 579547554
3183 189289294
2483 350715394
3332 151156540
3468 481110164
3326 770530382
2971 150448682
2953 685272284
1570 853274330
576 689341632
706 493799482
231 194150982
1383 767210694
2286 638773982
436 938278732
3445 262063080
3839 322250334
822 683947030
3810 64472090
2520 174911880
3700 530428300
848 669677424
514 324202234
1599 746752414
723 253584674
3225 22505900
3927 233344310
900 649063100
3079 210698854
3679 165694654
1919 22423774
3635 410741890
1334 611023894
3000 196777000
1675 136519450
2016 173609632
833 97705844
1398 359586774
2693 756855864
3156 863122732
1894 888073574
1350 633942150
2803 936935234
7 740671590
1659 118921994
3503 238613134
3137 968200820
1770 611090130
746 930153682
1730 324339770
2199 687300214
3535 785474990
827 402891210
1183 891735294
2499 173284114
2928 86987984
0 0
3103 852894334
507 569662090
702 902381710
2211 117738482
3547 947201130
1935 235764590
777 34413660
3147 117952730
1095 665867430
1431 232772982
1841 823636132
3736 537548232
171 26618682
1378 739572634
2867 309298050
488 859586104
849 254980164
3592 959573400
1790 792312910
2215 649903110
3012 753533820
3124 294620364
3450 791626050
2581 714068232
370 293019530
2194 602298474
2511 830807982
975 217823150
3233 146210644
2147 367031730
3123 649145474
1990 658952710
2940 149244260
325 326519800
1763 648623154
416 598577632
938 149556754
3955 650527170
1160 704489240
1232 624531440
890 616703810
2601 451771132
3249 725731364
828 76869284
472 693324680
3078 518062534
2611 330084482
868 954383964
1179 499962154
3556 919456732
1723 846201674
3461 708882232
1193 742250364
3050 76522450
2295 105142230
239 886979534
1533 79649744
321 871234932
490 161504210
681 688996732
1491 169102882
2715 118477610
1120 623541280
744 742605624
2066 949851882
1927 73742310
1632 468343840
3838 315007054
2762 531043570
3108 174591644
1374 498597614
443 458135114
260 294862140
2492 758923300
911 296943982
1828 292816284
1425 831629700
3640 833563560
1855 597210270
2516 32457132
3383 963164694
3017 663196700
434 323173194
1615 103793710
2038 522394454
3501 763245632
841 120991132
2768 58209264
1255 676236870
3380 437916620
352 561091360
3493 930965464
361 669500732
285 19088240
1065 718699260
1143 219421014
2408 647682744
2903 944794934
2463 695213054
371 801503682
1249 101705364
211 446408482
630 989446870
1465 15478860
1174 736665014
819 573337474
1716 827821132
1954 376747354
1135 17069390
2193 315487364
3612 172740420
364 153439284
3270 220858630
739 366506034
3849 114819164
3097 98939180
1030 310422470
1097 317697180
1463 90556054
2850 503730650
2766 375568382
3617 271641300
3859 580362594
3201 315614132
2713 369189804
164 800198684
3047 904290630
3045 6451480
958 547806094
484 776506844
1623 948369974
1070 164284830
2149 658247064
2522 506517730
3058 778582794
3343 73202414
3637 849681320
2676 317877132
3611 683149482
3102 118744110
850 217012650
3650 933937850
977 454513860
2946 23778682
2502 1813510
3739 410165034
2557 742130640
517 727094200
1290 831263410
278 162330934
3371 205578682
530 652852970
1979 605716554
3760 454378640
1880 420058120
1018 893944514
2529 34125204
1784 915296744
2584 218115144
3306 451510482
2477 31415360
1430 390758070
2682 452493890
242 487831050
3732 981608940
2855 262299270
1072 979627280
3674 280572514
3911 889538982
3747 646585330
3173 416828824
3239 311638534
482 995345690
862 146322670
3473 334593924
3566 566844382
3353 286231084
2598 734507174
3350 666660150
3821 831522432
2922 899266130
846 629261182
3802 956259810
3765 333291560
2540 302324660
3085 277841440
3261 950969232
1726 647882382
3313 471964004
3136 425239232
2948 329128124
3146 807693682
2451 34022882
2317 821108000
1829 73270104
2997 534007080
2122 873129330
1083 400187594
307 745685890
3330 517362170
1687 690314870
2126 289504382
1903 251897934
3115 47617210
174 774602014
1921 524874932
728 491304584
1881 790458732
2212 185685020
2655 149601470
3117 687620800
3508 19802444
1806 435457982
3193 634724364
2812 326811620
251 633791882
3685 459922840
452 108206460
3555 526731570
1562 742110370
1713 328032804
715 863179610
2851 301984882
567 608873750
3334 291869894
2356 28534732
3386 878980482
2372 336259580
1367 830986550
2146 786518682
427 537290810
1712 248229520
2042 357574850
2548 947021324
3300 840724700
1982 735842190
3563 216965754
360 928314040
3692 944392500
3268 301552764
1779 544517954
1596 479104932
1195 233110330
1851 555879882
2379 297633754
1043 646857314
3414 593970934
71 585366182
789 948466184
690 294184010
1793 316672564
2643 503076514
1033 890961244
2729 557223804
1637 942759320
617 315018300
522 933175730
67 887503250
2898 771087274
1082 660124290
1527 119901910
1454 576525854
2258 556081194
2899 652369314
2826 364552882
964 352201084
1647 146321230
894 508890574
374 587334614
1633 409767444
3273 425290524
1076 131069132
1055 82259070
1161 829472732
3014 787209734
2721 407854932
3194 651281474
1364 767242284
2600 835953400
908 599492244
3274 580227314
2894 13256574
208 881423344
454 285582854
528 212555184
648 877024024
692 794919500
2061 390131232
3421 422112432
812 500789620
223 612026174
3027 737253410
1479 683670054
3978 909494834
901 824312632
1238 772628854
1136 723809232
1528 504702184
1579 673159354
2208 174277344
3524 210205564
1492 991632300
2188 532378004
2847 369346430
2841 272281132
2156 544487732
2024 567211064
2733 673422144
2180 869349820
92 890704900
469 148948424
1560 731616840
2080 422125920
1111 74236982
1359 528930094
1539 601668434
2490 31102210
3320 952175080
3710 668650190
2299 218501514
1849 795593164
2650 120778850
3038 731001454
2635 543772890
2542 703120350
2944 225348224
1542 448529350
3780 479492220
1684 966014444
1947 186367530
3874 915505114
2891 150545882
2748 43154724
3114 792710034
976 647803632
1698 687606874
3002 188939010
230 427831270
1772 848076980
2320 955196080
1825 211833300
1844 987646924
1202 318107210
346 108323682
793 641835564
2580 632845420
2092 882486900
3910 757753990
2034 714889994
2365 834642960
1230 255670270
704 444631104
886 752192982
320 199238080
1417 726971100
3616 898401632
3548 326088324
989 519956784
2056 248654232
2559 951737694
2491 206647882
3510 769386390
3269 572840824
864 242090784
3020 929751380
200 617571800
2616 896606632
1300 782606700
1536 145375232
3359 697076094
2675 447328450
3873 722720724
1871 39291182
3634 256366794
2378 315819634
1866 791072882
2780 799353220
944 746382224
2019 120737074
3729 20316804
1742 519767550
2739 649612034
3379 349626754
2964 21007084
1898 726920274
905 292608220
2094 733430174
1929 603869404
2624 592988864
3392 882315200
947 130646530
2278 619624934
2952 460583960
3600 161812400
861 663533232
1861 961098232
2351 210682382
3209 107207644
56 798584232
3187 446706370
3442 665082250
2078 119615534
3107 556792690
518 614851014
3897 326955980
2154 979055954
1628 469946884
2065 884448260
1530 404491970
3545 319615980
2280 614033720
3772 786418980
263 629687654
1415 968103910
1277 815614160
526 279176382
1002 59437010
1547 394559130
255 604747870
774 782319814
2966 888627382
720 31709680
3829 202656104
2011 796325482
1845 795776680
126 674994382
1464 364652584
1352 417942360
974 164572414
1131 957407482
2723 184818674
2538 408447954
2930 830066570
2645 510199880
1373 130178224
2578 600589034
1434 19196194
313 43693004
32 649254240
2177 961755060
2005 375666120
3726 449592382
2462 68100270
3191 731799382
3088 397264304
3417 545653100
1892 729028700
2057 923490140
1280 552894720
2327 786942710
1292 407694100
73 694676124
3835 553655690
1932 224533140
2593 73662164
377 763733260
3614 282111534
1734 28473094
1154 865912954
2890 283101810
653 841089184
2124 327857364
2904 709725704
2244 273280124
747 89022330
2411 628991482
707 583478290
1589 373468584
2933 770157544
145 237877380
3543 198949814
435 942361090
3974 679161414
1968 136779664
3031 915308982
3154 838198954
610 938331290
622 885972830
291 588768882
3213 544518304
1872 19124080
3283 927496994
3682 617524890
2118 484430214
1674 372446514
1188 607871004
909 788579744
2298 375067074
2445 46834080
2916 273815132
2943 391227614
2380 656177620
2570 540753330
397 254232480
2396 628124932
186 672212482
1404 730511204
3734 506119094
1810 665434090
86 136340982
2796 841674932
3858 38524394
3347 437656930
3907 622777490
3871 467341182
1438 675310254
1085 10503440
324 147603964
299 111875514
3025 908604100
3202 346009210
3305 241221820
572 997391780
1125 669807000
684 833491444
2337 425752020
902 376291910
2661 816270232
3398 447920774
1594 850988674
1765 611393560
279 11678454
1794 911585274
1169 391611524
3484 564475844
3809 982391444
1811 664752482
3342 923913150
2285 692826240
3577 191256460
1715 617828610
3579 929545354
169 78278524
593 876388164
615 323744710
712 682818520
3279 5857454
3638 134245654
2737 817296420
3990 766550710
3134 469505294
3148 804941524
2977 96715860
3162 979407970
3853 980279584
3728 453345584
1799 537095014
3989 873115784
629 907958504
3721 32979932
2920 183863480
1338 575239554
1749 102961864
3246 645841182
2227 412452610
2128 758070384
1145 37306380
1705 238039420
2974 428298414
2157 892298240
3932 681595140
1984 706241344
1109 873974344
2106 484388482
3751 806309382
1714 784565834
298 727933074
1860 125292540
2613 226504104
1437 196187120
2201 158409132
856 900532232
501 758230632
1846 980636182
646 528506182
2391 464323382
1090 129063610
3950 878355550
787 362159970
3901 524527632
1265 772169060
815 700074510
708 49886844
2712 559640520
1324 571566964
1736 140918232
2985 788604540
218 616914914
3985 66673540
1574 450370214
2831 915551982
2168 582377064
1538 72840954
3663 685521454
23 37622774
1020 529393380
1435 368130090
2274 151564314
564 696519884
309 671435944
3926 73883382
2271 6181182
3662 982713470
2813 809335504
2949 46897464
3891 832490882
3550 214051950
2043 758194314
933 345603544
2757 951806840
2518 350225014
3659 134667994
896 715362432
2381 391451232
2231 55320982
2668 901920564
3160 433727240
3076 262979132
1586 407713482
2906 369776482
1366 99675382
1863 762898854
722 136229930
3866 921662882
1657 22857740
1740 886565460
1482 719176690
588 931246804
3806 996527982
115 88470210
322 919961530
987 241752170
1778 600551434
2771 907643682
2096 91292432
3595 84939930
1219 663110674
2131 286392482
3968 135553664
1549 610079264
1267 512112450
2402 856768410
2275 953484850
3425 326247700
633 494290444
3588 399967804
188 429364004
1635 422803890
838 536786054
2328 555539784
3558 835096294
2315 948698010
3943 19964614
2517 2976200
2975 941041150
786 134101482
1759 243839294
2305 190432820
2010 451057890
559 377191694
3942 832827750
696 317147432
997 701965080
337 858430020
2678 189163734
3190 845431510
1118 642143214
2164 875404684
2480 995781520
3164 32007684
1888 931695904
1348 356860924
532 600069740
764 429440484
2509 787256544
502 618311510
1498 838133474
788 966948204
3419 730423274
2228 508075084
2886 580622982
571 766228682
2173 692511824
654 964091454
1440 763745760
2815 904572510
685 635115840
3749 472987864
1914 359066434
1231 751735982
36 604952732
2232 657862440
2335 484152190
2825 984542300
1985 256535540
3321 813409932
652 94816660
3898 561254274
2513 381278404
1521 722424932
1514 399905234
2523 737415274
705 780850420
1134 687059294
3415 867801910
400 424983600
2467 970961650
1027 120451410
1911 81808982
1678 689116734
1205 291194920
2802 221708810
1626 731126882
1847 542225430
1048 652170824
2015 944693310
566 261359382
151 354571382
3758 339921694
61 642601232
2121 710859932
3621 531897432
177 913153060
1381 625966232
2531 146866482
2395 241905130
2257 158566340
1091 882964882
