774 973
703 0
226 0
173 260
0 0
386 0
639 579
297 497
115 0
684 499
451 172
410 0
62 0
761 91
168 678
129 702
697 0
263 445
329 61
488 186
13 580
719 517
275 34
560 288
358 600
227 626
632 0
596 150
393 172
518 0
181 665
666 507
673 390
340 567
590 425
211 0
407 87
668 0
368 0
512 227
429 0
320 401
513 450
331 0
437 651
236 0
55 0
487 0
175 0
280 0
349 452
705 0
385 68
660 0
664 96
260 206
664 0
541 148
663 230
228 0
750 0
506 692
83 486
158 0
81 670
494 80
0 0
291 0
470 163
767 36
336 378
296 212
693 175
643 308
714 324
362 717
630 0
226 0
515 325
108 293
584 29
632 436
535 135
131 134
0 0
553 27
555 0
142 162
587 6
82 461
116 153
501 0
101 104
615 171
708 740
16 0
693 444
616 84
411 529
480 0
743 0
289 558
367 505
139 22
677 447
237 774
526 727
0 0
350 602
60 683
100 0
207 8
374 141
638 375
627 487
749 561
194 0
250 468
188 0
194 458
229 0
460 741
0 0
474 179
532 0
382 0
717 220
376 615
0 0
408 71
405 389
309 0
648 459
259 0
426 0
520 0
546 421
19 0
91 612
427 481
256 0
732 665
477 206
0 0
458 67
763 462
317 0
504 0
761 537
190 448
60 0
0 0
405 0
463 124
120 0
396 508
521 699
0 0
17 15
381 0
0 0
258 766
290 454
540 83
424 146
367 681
475 357
127 0
430 668
133 0
444 265
221 0
347 739
701 744
395 522
257 331
527 322
145 570
742 0
11 0
701 454
400 524
651 704
510 211
178 141
273 0
137 621
624 328
489 469
282 0
646 636
497 155
394 0
403 0
397 0
153 0
37 530
718 0
58 661
193 0
478 140
465 474
652 532
334 451
170 354
26 365
752 2
603 560
734 0
575 0
573 27
552 655
223 264
622 0
500 618
681 169
272 39
222 0
593 309
235 79
278 616
605 0
269 0
484 0
614 192
428 298
193 86
301 93
527 0
252 0
610 0
364 0
465 683
698 207
69 399
563 121
563 737
5 43
604 0
98 0
268 167
257 199
271 637
562 0
625 199
0 0
310 0
281 0
200 35
130 0
304 549
369 448
685 0
578 0
295 0
556 692
129 0
595 0
670 0
495 516
561 525
16 355
337 0
38 0
679 0
6 0
7 0
202 0
144 23
649 32
657 525
562 0
415 642
344 0
702 0
733 504
419 30
110 303
640 0
353 545
330 0
647 0
696 650
628 107
339 231
636 0
163 0
612 511
745 316
774 379
613 241
573 0
349 12
767 33
747 418
440 738
393 149
449 0
631 713
617 757
435 515
114 43
770 0
0 0
216 694
335 81
541 735
392 571
646 177
511 473
307 728
399 0
353 0
704 216
669 228
111 0
422 0
583 0
0 0
493 594
131 0
176 251
685 0
0 0
724 621
501 690
460 106
88 574
0 0
546 232
34 0
85 606
726 765
740 0
48 261
242 611
705 722
161 491
691 0
138 253
38 762
182 0
746 200
652 0
242 0
310 0
177 409
613 0
318 215
772 0
453 277
678 305
162 0
643 768
499 0
743 127
599 0
146 0
249 65
503 363
751 0
329 89
0 0
294 284
14 0
659 0
317 45
509 0
413 271
597 0
30 540
674 0
79 19
758 277
126 0
184 183
299 95
253 0
208 160
147 300
51 500
164 342
398 0
542 633
627 635
74 682
98 736
321 0
720 189
204 0
584 732
710 0
340 276
50 380
113 699
187 185
210 0
87 0
88 92
365 771
176 0
676 0
334 278
41 116
476 61
641 143
675 619
4 5
596 589
56 8
295 731
0 0
213 667
109 46
327 773
528 0
599 0
144 759
240 338
246 366
197 345
609 272
644 0
721 0
112 372
745 0
0 0
431 205
171 660
423 0
457 656
0 0
753 168
121 435
377 0
336 318
125 316
446 238
657 0
356 209
282 0
49 416
634 196
645 0
623 18
391 330
401 261
576 0
713 528
100 229
470 0
113 622
234 0
29 312
520 438
513 607
521 371
609 0
0 0
154 384
415 483
118 0
483 565
430 284
102 373
12 0
461 351
9 0
687 577
266 471
441 558
292 0
160 0
659 319
381 164
203 533
287 195
201 0
28 592
653 0
93 0
218 78
225 0
185 0
550 255
186 472
44 364
248 0
383 595
714 397
279 0
661 736
165 0
197 130
755 342
322 122
709 579
475 0
620 0
464 582
252 700
735 0
335 626
70 523
3 108
624 357
0 0
196 359
31 769
388 0
581 0
117 0
394 598
434 496
31 195
749 428
378 0
0 0
157 368
296 0
535 603
480 548
14 676
137 293
75 0
294 97
136 0
249 715
0 0
258 730
0 0
157 396
65 0
25 373
432 57
0 0
298 189
488 0
161 3
754 0
238 672
684 311
0 0
610 220
66 94
274 0
417 0
489 182
107 400
424 0
232 662
658 288
370 90
187 443
358 0
519 24
649 0
118 0
614 0
126 0
300 0
765 313
314 455
306 708
387 534
654 421
754 41
231 707
109 0
716 0
132 0
183 672
539 0
339 0
641 498
82 0
742 0
432 0
691 0
721 321
355 72
472 68
629 0
694 0
728 203
490 725
709 0
503 0
530 70
730 192
644 134
384 0
492 547
348 20
222 104
485 76
56 387
602 585
167 18
412 92
640 0
63 412
453 706
235 0
555 404
143 601
574 0
374 233
52 439
74 285
37 54
667 0
344 427
468 9
243 213
666 531
0 0
411 119
566 414
102 606
111 671
155 738
352 741
138 0
63 601
254 71
361 0
752 464
753 55
539 286
165 230
426 181
723 0
180 17
246 459
0 0
217 77
269 516
248 618
429 90
538 376
407 0
466 53
552 633
493 308
383 0
585 96
505 0
758 386
482 583
178 0
299 212
276 439
452 7
20 572
42 757
557 0
764 0
733 433
547 402
324 359
711 333
26 263
631 720
663 0
166 270
312 578
219 607
690 422
239 0
11 346
391 0
62 0
760 0
33 456
629 0
494 688
236 0
403 0
301 485
770 0
267 556
481 247
279 0
208 611
534 0
688 0
686 467
341 245
587 315
682 0
128 773
44 514
255 625
739 64
99 726
476 434
115 0
78 0
133 0
744 639
267 576
198 0
124 763
0 0
303 371
759 0
389 57
50 548
356 0
734 0
95 369
716 0
123 729
320 0
413 84
409 0
617 711
58 0
209 0
223 0
147 0
323 404
354 0
695 0
54 36
245 0
662 0
686 0
105 542
597 496
456 431
446 23
478 0
59 747
687 0
221 32
565 114
262 729
645 319
264 140
551 545
526 755
564 190
771 569
343 0
420 191
398 725
712 0
311 240
590 706
40 73
103 297
608 772
166 251
710 25
673 653
502 750
0 0
21 0
700 89
406 0
570 0
450 689
588 608
748 0
559 508
343 677
768 751
471 289
648 148
635 656
482 0
201 0
654 305
53 22
416 543
669 0
281 49
417 0
572 0
0 0
370 0
0 0
414 495
449 204
748 630
507 117
224 592
419 256
234 45
85 680
290 390
445 0
712 491
594 0
553 0
537 442
695 455
239 536
152 156
15 307
35 346
302 337
101 0
151 237
287 722
523 600
406 689
466 0
122 0
418 302
647 94
13 0
21 436
273 0
484 0
518 0
379 173
123 634
559 380
47 591
327 0
408 328
0 0
99 283
477 731
244 628
363 490
410 718
402 0
73 326
217 519
72 0
323 0
529 0
554 0
586 0
479 0
580 135
4 0
671 569
372 0
10 315
703 266
588 332
550 543
313 506
575 766
486 202
619 105
10 577
286 39
80 0
250 225
243 191
154 0
326 205
447 0
1 0
149 0
433 544
724 360
268 351
680 0
586 0
0 0
106 637
557 438
675 0
69 132
338 0
382 598
551 0
536 437
2 241
184 0
360 24
306 348
159 0
77 737
509 120
441 0
492 275
347 361
442 0
544 325
75 292
719 0
760 333
47 0
103 139
658 0
0 0
571 0
388 285
549 420
244 198
564 0
604 591
48 0
554 0
179 0
64 638
568 112
314 247
156 254
440 395
715 696
479 366
0 0
512 0
650 425
291 0
0 0
159 566
151 158
655 345
40 762
707 0
76 0
174 581
623 524
52 756
352 764
224 589
66 0
514 533
679 0
265 568
620 128
531 0
259 727
457 0
233 0
567 0
219 385
510 0
218 593
538 467
214 517
152 28
605 341
473 188
280 746
1 698
110 392
214 723
170 46
462 119
42 469
756 362
97 0
142 0
180 697
270 86
674 0
375 0
304 0
498 377
522 463
262 769
502 0
423 136
642 51
67 0
59 582
274 150
443 0
145 0
125 215
350 169
210 283
174 332
