618
2 112
161 2
282 161
282 219
194 13
558 194
442 316
404 442
558 404
248 242
193 59
56 193
248 56
256 5
439 256
439 406
270 174
451 270
451 35
298 157
470 298
309 421
470 309
88 308
88 32
18 342
564 18
567 564
567 199
90 358
432 90
432 505
336 360
285 336
188 285
168 565
188 168
385 107
74 385
534 74
297 534
297 78
387 121
387 284
398 142
570 398
566 570
566 344
413 393
3 28
413 3
428 429
177 428
388 521
177 388
433 31
159 471
433 159
450 280
67 450
178 67
178 490
288 465
477 288
409 477
9 409
9 290
466 165
540 466
262 540
361 262
361 125
469 167
289 469
430 127
137 430
289 137
488 97
205 128
369 205
182 369
488 182
286 498
20 189
279 20
286 279
500 489
250 500
339 250
220 391
339 220
131 504
131 557
512 233
445 512
445 408
491 514
550 491
64 550
424 64
424 511
392 519
392 528
552 4
295 120
293 295
227 293
552 227
15 9
75 9
113 15
75 518
138 75
171 75
364 138
77 364
386 171
386 273
23 77
172 77
287 23
328 287
166 98
172 166
22 330
33 88
175 88
22 33
54 122
175 54
119 22
210 22
246 119
215 246
210 183
63 113
264 113
401 63
549 264
501 549
501 569
269 141
207 131
50 131
269 207
50 187
223 50
281 50
461 223
21 556
281 21
93 172
331 172
370 93
272 331
195 164
272 195
380 274
367 175
80 175
380 367
92 80
92 96
176 92
418 92
320 176
26 418
26 464
397 26
431 26
357 397
266 431
82 266
82 410
243 239
338 82
436 82
243 338
436 260
148 379
180 177
443 177
148 180
192 443
192 169
459 228
448 148
202 148
459 448
202 65
467 363
149 178
321 178
467 149
345 83
321 345
51 188
468 188
89 51
317 468
313 317
313 506
17 89
482 89
38 17
68 482
68 108
497 186
144 38
226 38
476 144
497 476
226 185
499 492
158 499
102 68
104 68
158 102
104 24
216 104
516 104
346 216
263 346
516 526
402 529
201 402
235 158
415 158
201 235
415 535
206 192
530 192
133 206
530 45
533 200
151 533
8 133
222 133
151 8
222 184
479 151
537 151
414 479
40 414
44 40
537 472
10 44
539 44
347 10
53 347
447 348
539 447
407 53
545 53
39 407
52 39
213 545
213 197
343 116
115 52
546 52
478 115
343 478
546 563
548 236
341 548
389 201
191 201
341 389
191 247
126 191
562 191
14 126
395 562
37 334
395 37
147 14
294 14
47 147
156 47
400 47
294 156
400 473
405 202
532 202
553 405
462 210
143 210
532 462
143 543
136 143
101 136
237 101
237 143
41 213
153 41
292 153
292 213
49 215
359 49
359 215
377 222
91 377
378 91
70 378
382 70
382 222
291 226
300 291
376 300
434 376
434 226
423 237
456 423
480 456
484 480
484 237
69 243
517 69
517 243
232 248
435 232
95 435
163 95
561 163
561 248
12 263
86 263
155 12
271 155
303 271
86 303
19 86
139 86
139 19
140 139
145 139
145 140
124 145
154 145
135 154
221 135
340 221
340 124
130 269
224 269
502 224
536 502
515 130
536 515
276 272
299 272
403 299
375 276
403 375
190 281
306 281
79 190
508 79
306 508
66 282
314 282
384 314
240 66
384 240
312 286
315 286
254 315
123 254
265 123
265 312
6 265
109 265
173 109
323 6
310 323
173 310
71 173
324 173
103 71
390 103
417 390
324 417
325 289
326 289
46 326
217 46
76 325
217 76
55 217
335 217
352 55
319 352
335 319
278 292
337 292
72 337
327 278
495 327
72 495
114 72
350 72
394 350
440 394
440 114
307 294
351 294
318 351
365 318
449 307
365 449
36 297
354 297
84 354
129 84
373 129
373 36
353 306
100 306
99 100
362 353
257 362
99 257
366 99
85 99
203 366
85 203
355 85
372 85
524 372
411 355
218 411
524 218
311 313
374 313
29 374
453 29
422 311
453 422
181 320
7 320
381 181
283 381
7 283
275 7
34 7
396 275
196 396
132 196
34 132
302 34
399 34
452 302
399 452
425 321
179 321
412 425
179 412
208 179
426 179
513 426
525 513
525 208
301 324
437 324
30 301
437 30
150 328
43 328
117 150
455 117
252 455
43 252
486 43
493 43
73 493
416 73
481 416
481 486
105 335
494 335
522 105
454 522
494 454
249 339
503 339
368 503
438 249
118 438
368 118
475 340
509 340
485 475
42 485
57 42
509 57
322 341
520 341
238 520
245 322
238 245
160 238
531 238
277 160
333 277
255 333
531 255
146 343
1 343
542 146
258 542
1 258
356 1
547 1
241 547
170 356
241 170
87 241
551 241
106 87
551 106
268 357
458 357
441 458
554 268
538 554
441 538
212 359
555 359
16 555
16 212
11 16
560 16
349 11
204 349
560 204
81 361
329 361
110 365
211 365
383 110
329 383
211 81
111 211
244 211
62 329
214 329
94 62
244 94
214 111
230 214
332 214
58 244
234 244
474 58
332 474
234 230
61 234
571 234
162 332
305 332
571 162
305 61
209 305
420 305
259 368
371 368
420 259
25 371
25 209
296 25
152 25
60 370
460 370
559 60
152 559
460 296
419 152
253 152
483 373
510 373
304 483
253 304
510 419
27 253
48 253
251 380
523 380
48 251
229 523
229 27
231 48
261 48
507 229
527 229
267 507
261 267
527 231
427 261
134 261
487 382
541 382
134 487
444 541
444 427
457 134
198 134
496 384
568 384
198 496
568 457
463 198
225 198
544 386
572 386
446 544
225 446
572 463
