1080
184 145
918 184
845 569
277 569
918 845
885 277
817 578
885 817
252 885
374 885
55 252
616 374
775 616
743 518
775 743
126 55
423 55
369 126
423 647
21 369
521 369
285 21
339 285
225 339
349 225
719 349
185 521
185 663
23 185
685 185
314 23
102 667
685 102
730 314
736 314
564 730
107 564
219 107
40 219
140 736
867 140
867 65
446 40
746 40
527 446
746 548
370 423
764 423
677 370
414 846
764 414
644 527
794 527
66 644
362 794
789 362
299 844
789 299
863 330
735 863
11 735
363 66
64 66
11 363
889 64
889 508
525 11
905 11
123 525
905 404
690 123
113 123
203 690
143 203
757 143
382 677
604 677
405 382
855 405
208 855
113 208
479 604
479 806
105 113
648 113
805 105
261 805
121 648
154 121
602 154
587 261
639 261
602 587
716 639
283 504
716 283
418 479
718 479
629 418
756 629
695 756
710 602
148 602
718 710
164 881
148 164
8 490
681 8
848 148
132 148
761 848
681 761
422 681
822 681
18 422
132 18
628 822
871 628
427 871
427 738
854 259
847 132
183 132
447 847
854 447
694 427
221 427
656 694
156 656
576 156
183 576
221 622
272 183
866 183
836 272
312 836
917 312
387 917
336 387
411 336
430 866
551 430
44 551
212 221
67 221
474 212
44 474
67 342
898 465
523 898
100 44
169 44
533 100
230 533
523 230
467 67
619 67
169 467
304 619
931 304
771 357
310 771
172 310
68 172
167 68
931 167
22 169
924 169
162 22
580 162
826 411
894 411
924 826
737 894
801 737
801 938
631 523
933 523
787 631
106 933
75 106
298 75
524 298
111 580
785 580
497 111
258 497
524 258
531 785
322 531
139 322
621 139
621 41
492 240
440 524
763 524
492 440
707 492
101 492
532 707
763 532
620 621
27 621
101 620
27 468
98 27
600 27
378 98
5 378
224 5
94 5
600 224
146 94
70 146
493 101
786 101
70 493
594 786
902 594
902 88
37 344
541 70
606 70
37 541
623 606
79 623
953 79
515 37
293 37
953 515
437 293
659 600
151 600
437 659
795 439
144 795
189 144
365 189
151 365
574 151
682 151
753 574
253 682
445 437
932 437
674 445
253 674
133 932
597 253
218 253
60 597
672 60
830 672
133 830
218 829
630 133
120 133
290 630
340 218
755 218
42 340
120 42
603 120
268 120
755 603
268 835
559 776
925 268
872 268
321 925
559 321
941 290
368 290
872 941
549 559
796 559
118 549
368 118
796 480
589 368
593 368
455 589
875 455
20 455
593 875
359 593
815 593
20 359
947 815
544 270
947 544
264 173
315 264
30 20
838 20
940 30
315 940
861 838
6 315
358 315
706 6
861 706
476 685
328 685
714 476
358 714
103 248
328 103
234 328
842 328
840 234
536 842
491 536
626 358
903 358
491 626
331 491
32 491
372 331
903 372
61 32
214 61
426 214
426 131
912 155
882 912
952 882
678 952
556 426
675 426
678 556
211 678
335 678
520 211
245 520
675 245
526 335
610 526
550 610
454 550
287 454
637 675
625 675
919 637
777 919
516 777
287 516
851 625
851 819
856 287
38 287
222 856
324 222
457 324
921 324
77 457
38 77
419 921
519 419
632 38
712 38
353 632
640 353
481 640
519 481
712 734
316 519
472 519
592 316
265 592
575 265
930 265
235 575
34 235
95 34
472 95
448 472
633 472
930 448
740 633
661 887
596 661
740 596
944 466
305 695
269 695
1 305
944 1
634 712
313 712
727 634
311 727
3 311
651 3
262 651
269 262
638 313
464 638
281 464
46 281
158 269
914 269
816 158
46 816
301 780
914 301
242 367
942 242
945 942
254 945
837 46
643 46
90 837
254 90
568 254
110 254
643 568
153 110
723 643
275 643
153 723
477 153
901 153
784 477
724 784
275 724
166 901
758 166
297 758
380 297
195 380
389 195
615 389
558 615
883 558
390 883
765 908
390 765
93 275
84 275
609 93
7 390
717 390
415 7
84 415
54 84
377 84
717 54
810 377
237 609
138 609
810 237
904 138
904 839
750 91
635 750
769 635
215 716
413 716
891 215
300 891
769 300
43 413
81 717
733 717
739 81
601 739
43 601
348 733
900 348
402 900
294 402
15 43
96 43
127 15
294 127
748 96
573 748
860 573
288 294
174 294
860 288
453 174
393 453
451 227
393 451
790 180
29 393
92 393
790 29
679 92
260 718
654 718
409 260
679 409
869 654
662 679
192 679
869 662
781 192
278 719
116 719
781 278
937 116
937 547
329 740
354 740
565 329
542 354
510 565
104 565
747 510
542 747
303 542
802 542
104 303
876 802
754 104
868 104
383 754
579 383
469 579
482 469
441 482
876 441
80 692
868 80
62 770
650 746
226 746
62 650
833 226
280 62
828 62
503 280
660 503
420 660
452 420
341 452
35 341
897 35
833 897
255 828
178 255
642 753
207 753
178 642
813 207
818 813
693 178
334 178
320 693
818 320
28 334
535 28
686 71
535 686
888 444
545 888
645 545
295 535
893 535
645 295
361 893
279 361
879 279
773 645
191 645
879 773
271 191
355 271
484 355
274 755
396 755
484 274
553 484
327 484
852 553
417 852
670 417
396 670
864 327
233 864
233 948
282 911
236 233
688 233
282 236
122 282
228 282
688 122
53 228
767 53
325 396
134 396
14 325
577 14
767 577
742 134
652 742
812 652
907 812
165 688
554 688
907 165
152 343
147 152
554 147
936 804
821 554
505 554
159 821
936 159
206 505
728 206
514 728
179 514
220 179
161 757
286 757
220 161
658 220
400 220
286 658
117 286
137 286
400 117
137 186
499 137
494 137
366 499
256 494
657 366
943 366
608 657
256 608
725 943
267 725
115 256
766 256
244 115
267 244
673 267
309 267
326 673
766 326
438 309
438 696
731 247
397 731
232 400
436 400
397 232
210 397
778 397
436 210
583 436
82 436
458 583
25 458
778 25
273 82
910 273
238 910
899 438
175 438
238 899
530 238
721 238
528 530
175 528
624 721
624 791
87 175
398 175
669 87
715 669
886 624
376 624
398 886
12 398
333 398
376 12
841 376
198 376
760 841
333 760
177 198
435 177
703 333
878 333
529 703
711 529
461 711
76 461
435 76
307 878
291 59
307 291
857 307
708 307
373 857
251 373
187 373
909 251
896 909
809 896
788 809
708 788
595 187
653 595
276 435
385 435
653 276
57 385
31 57
130 31
546 130
798 546
129 653
338 653
17 129
729 17
870 729
570 870
798 570
705 708
923 708
89 705
296 89
338 296
726 762
923 726
877 371
700 877
704 700
915 338
119 338
33 915
704 33
394 119
502 704
85 704
849 502
394 849
859 394
741 394
85 859
797 85
935 85
890 797
741 890
52 935
407 715
97 715
649 407
124 649
13 124
52 13
655 97
655 16
752 170
181 752
108 52
428 52
69 108
181 69
843 181
612 181
428 843
720 428
83 428
202 720
783 202
612 783
501 612
567 612
83 501
56 83
475 83
567 56
636 475
599 567
605 567
78 599
391 78
636 391
605 928
709 194
641 605
395 605
562 641
709 562
136 395
611 636
772 636
136 611
318 772
323 318
266 323
698 266
671 136
768 136
250 671
698 250
284 768
163 655
249 655
284 163
552 284
9 284
399 552
249 399
495 249
511 249
9 495
182 588
302 182
243 302
432 243
511 432
873 410
360 9
823 9
873 360
485 823
779 511
713 511
306 779
485 306
463 485
72 485
713 463
73 698
416 698
72 73
74 72
683 72
473 74
416 473
939 683
926 416
627 416
939 926
744 627
392 24
744 392
379 709
811 709
443 379
913 443
745 913
586 811
347 713
483 713
586 347
36 586
922 586
537 36
874 537
689 874
534 689
483 534
486 922
646 486
807 483
205 483
231 807
157 231
646 157
4 205
114 646
722 646
4 114
171 722
289 4
246 4
171 289
916 10
246 916
188 171
257 171
613 188
2 613
317 2
585 2
425 317
257 425
799 585
86 246
142 246
799 86
614 257
350 257
142 614
792 142
471 142
350 792
496 471
702 350
584 350
26 702
496 26
239 496
834 496
697 239
584 697
201 834
201 459
607 506
209 201
200 201
125 209
607 125
332 584
853 584
434 332
200 434
403 200
793 200
853 403
112 607
512 607
384 112
793 384
190 741
571 741
512 190
509 571
346 512
920 512
563 346
509 563
591 920
598 509
865 509
831 598
135 831
351 135
591 351
782 522
880 782
865 880
141 591
449 591
199 141
408 449
176 199
808 199
934 176
470 934
408 470
699 408
308 408
808 699
687 744
412 744
561 687
308 561
450 412
954 450
160 308
421 308
954 160
216 745
292 745
421 216
895 292
433 895
196 433
388 421
560 421
196 388
560 884
680 442
193 680
538 196
507 196
193 538
827 193
684 193
498 827
507 498
488 507
946 507
684 488
424 946
950 560
774 560
751 950
424 751
128 774
462 424
58 424
539 462
128 539
664 128
892 128
456 664
540 456
19 540
824 19
58 824
168 58
543 58
48 168
892 48
263 618
543 263
99 543
204 543
49 99
850 204
429 49
759 49
850 429
406 684
862 684
759 406
820 759
386 759
217 820
927 217
862 927
825 763
929 763
386 825
676 929
800 386
749 386
676 800
345 676
566 676
749 345
489 566
45 489
51 749
241 749
803 51
45 803
149 150
241 149
581 45
223 45
814 581
229 814
337 229
401 337
500 401
906 241
666 241
223 906
197 666
858 223
572 223
197 858
487 197
478 197
39 487
572 39
691 500
213 500
557 691
478 557
513 213
701 478
364 478
617 701
513 617
949 513
47 513
364 949
555 364
109 364
47 555
460 47
951 47
109 460
356 951
356 668
