976 977
88 958
269 950
104 385
477 70
176 911
4 113
917 521
80 449
243 344
478 49
711 713
437 501
151 552
141 306
260 43
259 408
328 658
623 232
695 154
478 119
102 882
791 156
335 646
372 101
383 71
560 464
58 815
145 717
886 941
89 60
739 730
464 72
845 738
748 197
877 425
310 896
487 924
263 465
736 851
383 720
806 12
181 537
373 110
207 745
653 3
766 723
500 624
836 802
178 308
237 822
514 14
900 45
599 894
804 753
532 175
423 332
813 442
716 350
125 544
350 148
637 474
241 503
84 696
147 723
918 132
339 179
92 60
557 621
184 468
466 363
573 689
760 379
455 615
128 387
456 182
284 96
377 40
203 811
454 227
517 691
587 276
223 340
40 954
814 23
779 141
539 708
94 965
443 943
42 219
537 757
131 436
751 400
294 364
65 492
441 319
875 658
67 786
411 854
299 835
49 507
64 359
711 354
856 552
3 251
954 208
837 18
705 76
717 248
610 233
690 574
874 180
209 77
856 370
307 192
374 162
70 459
866 756
945 476
460 133
793 619
62 488
885 727
878 638
577 876
854 971
684 759
360 904
673 86
47 850
204 52
378 553
241 325
710 380
338 898
783 880
286 324
157 853
664 889
695 311
153 936
0 0
774 816
739 680
829 652
724 146
562 698
492 421
948 461
151 73
431 91
166 904
940 155
403 256
707 556
279 93
741 83
48 216
543 200
214 250
288 588
352 483
28 744
17 260
1 741
86 63
647 203
808 909
930 270
291 617
932 123
206 283
169 633
226 576
907 852
351 298
639 356
389 721
645 67
204 569
857 300
670 324
1 181
638 670
115 199
503 24
61 946
132 189
495 641
607 625
174 215
211 725
899 831
475 456
824 369
838 821
530 798
762 487
406 379
865 547
692 740
301 655
124 142
832 650
252 254
681 221
595 21
661 866
429 603
321 144
472 784
896 729
397 510
52 745
81 643
11 101
331 370
726 921
935 508
231 284
615 529
240 358
255 534
546 505
909 34
943 548
825 74
117 920
685 146
635 640
815 377
913 39
201 431
674 237
972 955
296 110
8 761
265 824
517 448
22 566
935 412
546 622
910 682
167 98
864 139
235 799
374 888
626 697
782 882
434 973
26 340
331 931
497 257
867 105
901 187
342 831
197 417
140 579
731 900
554 224
798 554
247 520
597 840
177 42
764 113
600 164
758 688
765 752
557 817
700 524
549 906
805 366
139 327
661 629
291 269
422 547
564 292
761 410
763 599
451 195
398 742
614 32
532 910
607 366
872 753
953 651
295 494
651 842
176 76
871 222
36 112
578 56
133 613
445 320
922 319
244 236
246 834
209 129
115 715
785 893
596 250
667 229
556 783
575 276
656 54
389 525
797 488
590 460
679 603
506 606
696 72
729 302
289 290
787 414
685 656
667 524
543 576
407 526
414 16
316 689
298 251
343 624
969 255
901 499
134 188
30 768
20 942
493 208
62 967
198 680
240 939
520 890
873 473
395 428
173 39
951 826
452 736
210 82
402 480
596 922
424 481
81 645
64 581
589 721
846 180
441 555
703 859
245 746
37 767
691 5
814 358
676 416
714 170
867 583
31 511
551 25
228 752
267 57
575 793
194 853
485 259
605 827
558 962
731 789
164 329
559 19
225 264
786 90
9 622
580 927
420 635
296 531
439 601
671 850
217 591
384 792
519 630
618 785
335 827
614 627
484 317
172 349
769 12
239 10
849 663
956 655
936 956
332 734
507 890
154 665
190 371
868 942
692 602
373 916
751 85
252 642
222 117
443 772
584 349
297 191
780 582
589 634
190 346
528 873
364 598
339 504
421 347
675 322
343 869
497 773
368 35
440 516
654 380
270 198
710 794
644 540
279 307
268 968
613 253
715 390
403 820
424 490
184 122
968 306
217 160
361 327
118 51
858 500
135 128
728 912
703 568
578 929
396 536
907 24
136 78
50 155
930 538
662 923
75 418
450 282
453 948
964 619
862 334
641 671
16 738
17 818
230 382
491 469
737 161
887 722
182 25
134 97
43 796
690 462
56 336
861 168
523 57
375 525
550 755
448 953
83 912
788 357
362 2
704 126
439 880
9 312
34 253
573 402
193 586
187 776
522 227
928 515
767 604
903 463
776 385
795 158
777 401
801 258
398 570
131 84
236 220
541 348
808 292
432 521
564 267
100 781
396 277
189 353
770 281
144 871
626 768
228 171
642 779
676 211
61 822
303 429
95 840
365 649
940 821
308 617
919 542
842 272
142 781
275 445
397 53
816 518
800 333
712 708
7 177
150 161
778 489
15 44
763 766
754 100
394 351
143 410
610 66
770 535
775 839
249 612
925 485
563 344
196 29
120 513
45 63
459 817
662 796
427 55
405 38
140 874
467 669
769 468
565 938
510 803
457 945
257 571
173 514
13 969
159 963
130 265
88 677
545 27
620 749
600 135
467 724
590 523
758 121
165 869
218 830
728 574
179 787
168 688
887 220
126 528
828 800
316 125
293 152
294 48
277 828
318 790
107 527
391 905
848 233
512 851
970 864
944 660
698 103
375 201
846 496
368 606
472 506
321 918
560 401
686 672
119 264
206 694
471 386
592 442
967 58
941 415
621 393
608 413
579 795
104 812
33 810
444 213
172 570
195 740
452 437
328 221
30 345
21 727
611 737
278 170
333 92
223 511
272 732
558 868
192 894
630 287
771 916
295 734
586 153
826 587
778 232
974 829
95 484
196 372
183 288
193 450
433 664
646 160
114 669
311 950
668 501
919 381
226 952
718 103
289 391
400 323
430 254
895 248
801 167
378 163
659 533
744 975
150 735
551 863
313 526
99 404
218 342
833 733
474 823
515 535
266 99
399 780
32 749
473 949
536 116
772 148
219 835
116 29
386 413
359 13
395 322
934 700
884 838
924 118
952 447
505 820
337 971
502 746
479 961
202 41
612 245
323 85
123 810
325 14
719 643
628 419
806 811
36 527
804 202
545 594
345 634
149 138
834 743
860 137
757 509
674 888
872 41
491 747
973 620
280 261
813 136
457 855
449 548
884 899
330 229
631 902
878 357
508 773
303 966
235 799
825 428
27 285
462 932
234 611
946 388
917 186
855 409
609 137
876 712
660 367
315 706
928 666
742 293
747 355
108 280
926 516
129 858
959 592
791 775
812 837
362 709
19 207
149 200
550 949
756 970
583 466
585 127
877 805
934 239
271 585
681 870
2 326
490 476
299 933
898 735
416 632
87 580
50 830
863 108
483 481
273 594
5 720
915 960
334 519
347 755
47 111
415 495
112 53
338 367
381 618
629 361
393 166
534 404
581 672
7 933
637 750
687 809
102 920
94 947
390 365
290 892
304 418
329 371
301 604
693 37
706 702
353 417
754 11
563 432
341 91
927 143
955 434
931 175
568 82
879 360
455 246
35 230
31 713
860 891
553 644
66 937
498 966
407 341
903 80
337 957
354 963
315 784
730 165
926 4
893 309
847 470
636 480
394 238
482 159
458 145
436 705
640 875
242 274
281 972
231 748
435 256
561 477
819 262
870 678
215 939
951 709
541 376
588 701
93 666
244 408
577 302
654 387
823 897
657 531
540 59
653 697
426 849
406 657
55 694
498 33
701 266
636 502
169 97
908 964
309 469
533 665
915 959
891 22
976 861
109 714
51 273
78 392
120 602
96 678
185 23
659 595
425 451
513 944
699 69
790 565
862 287
962 355
908 572
300 317
261 247
518 562
623 278
593 8
106 285
263 843
405 6
243 314
512 465
283 10
420 782
318 965
105 677
73 702
210 895
925 722
262 171
392 857
348 20
567 732
185 258
376 628
733 921
304 310
809 762
591 598
107 382
158 496
675 199
68 683
639 422
571 188
114 54
122 38
156 194
609 847
162 886
958 363
271 684
216 743
905 147
686 183
631 314
569 559
346 647
312 683
976 384
679 509
423 438
719 914
440 764
632 663
897 268
649 818
929 69
458 906
648 59
504 841
844 46
582 707
446 274
89 845
356 616
788 286
914 305
447 494
802 957
771 726
650 555
305 470
130 718
881 426
584 438
938 883
138 152
79 839
843 668
486 682
15 205
444 885
844 777
807 186
77 539
479 750
109 489
538 75
87 593
6 974
121 411
174 98
597 648
388 111
124 841
313 238
320 530
127 282
409 572
399 90
616 435
627 892
625 234
275 522
212 205
461 157
163 960
760 807
913 446
453 79
881 725
74 18
947 883
454 330
486 803
704 687
242 28
542 419
46 430
471 65
191 297
833 902
774 369
427 224
106 608
336 699
566 601
889 792
44 975
633 412
71 214
879 561
673 529
326 352
716 463
865 68
544 797
794 652
836 433
937 848
819 493
923 499
961 911
213 178
765 249
605 789
693 759
212 852
549 859
567 832
482 26
475 225
