93
84 0
92 1
30 2
59 3
91 4
63 5
93 6
15 7
9 8
44 9
87 10
49 11
59 12
37 13
86 14
65 15
78 16
60 17
48 18
90 19
41 20
64 21
80 22
77 23
56 24
33 25
91 27
47 28
61 29
67 30
67 31
38 32
58 33
41 34
53 35
57 36
42 37
62 38
91 39
55 40
82 41
85 42
74 43
94 44
70 45
86 46
88 47
61 48
87 49
64 50
63 51
87 52
57 53
96 54
67 55
57 56
79 57
79 58
63 59
81 60
82 61
68 62
82 63
72 64
86 65
94 66
81 67
89 68
83 69
92 70
72 71
81 72
74 73
82 74
96 76
88 77
79 78
94 79
81 80
95 81
84 82
88 83
93 84
90 85
91 86
95 87
95 88
97 89
91 90
95 92
95 93
97 94
97 96
