92
3 0
61 1
13 2
13 3
31 4
33 5
66 6
25 7
13 8
26 9
25 10
54 11
47 12
69 13
61 14
45 15
87 16
94 17
66 18
65 19
75 20
86 21
49 22
54 23
57 24
38 25
50 26
39 27
80 28
44 29
56 30
94 31
83 32
68 33
36 34
82 35
86 36
88 37
65 38
57 39
58 40
60 41
49 42
77 43
90 44
58 45
79 47
77 48
65 49
69 50
97 51
70 52
84 53
61 54
95 55
93 56
92 57
89 58
80 59
85 60
85 61
90 62
97 63
98 64
67 65
93 67
83 68
97 69
86 70
92 71
82 72
81 73
83 74
92 75
91 76
86 77
80 78
89 79
89 80
92 81
92 82
85 83
95 85
95 86
95 87
92 88
95 90
96 91
96 92
97 93
98 94
96 95
