95
60 0
62 1
65 2
66 3
83 4
70 5
71 6
39 7
19 8
37 9
78 10
40 11
60 12
37 13
80 14
76 15
95 16
25 17
85 18
87 19
52 20
29 21
57 22
44 23
44 24
49 25
36 26
79 27
45 28
93 29
70 30
63 31
34 32
79 33
57 34
48 35
43 36
41 37
86 38
74 39
63 40
87 41
47 42
86 43
83 44
55 45
56 46
86 47
92 48
79 49
95 50
59 51
71 52
79 53
64 54
64 55
59 56
85 57
67 58
66 59
87 60
94 61
95 62
74 63
88 64
72 65
75 66
93 67
84 68
94 69
92 70
90 71
82 72
89 73
91 74
82 75
94 76
93 77
94 78
91 79
90 80
92 81
87 82
88 83
91 84
90 85
92 86
88 87
91 88
90 89
91 90
95 91
95 92
94 93
95 94
