972 972
189 473
649 919
513 823
2 474
453 871
270 67
556 42
352 3
566 920
315 232
753 909
98 319
837 355
452 102
574 845
270 724
505 661
727 642
835 353
82 85
577 4
328 344
570 135
932 730
186 164
469 665
640 371
67 436
209 540
4 680
470 522
129 714
945 385
823 586
487 526
236 872
702 130
631 62
330 857
839 193
290 936
274 490
196 684
650 890
141 628
519 101
527 433
212 715
956 708
555 374
428 967
176 66
608 107
405 103
159 815
280 333
888 733
525 878
704 401
959 945
402 629
283 480
40 530
847 862
673 807
366 678
297 737
651 60
25 352
686 122
52 243
728 761
14 965
132 846
346 675
810 594
755 432
886 705
595 687
385 776
902 840
677 623
143 199
358 896
339 329
350 497
662 539
504 413
190 299
628 208
54 175
622 482
407 496
5 255
235 511
295 633
244 206
134 450
697 492
812 656
917 541
639 264
74 92
960 403
305 99
271 718
351 305
246 461
489 884
840 794
625 26
316 377
197 219
564 422
597 905
89 663
671 775
562 188
38 167
46 807
575 143
877 953
84 217
777 314
844 341
374 672
183 393
762 443
26 937
852 348
345 291
720 545
354 71
145 867
381 521
430 288
62 655
31 116
64 572
21 703
456 430
362 354
216 679
73 797
863 278
619 158
962 765
920 604
87 502
461 743
224 821
817 923
248 57
239 658
548 811
464 955
433 788
220 850
75 654
864 346
419 301
349 226
552 104
191 73
800 347
822 616
423 434
137 549
709 742
721 427
245 448
786 494
120 404
177 271
722 934
758 827
586 593
669 859
355 605
109 944
855 142
112 27
70 212
409 561
13 532
581 543
912 224
804 191
369 851
451 134
905 180
599 351
195 965
152 445
115 584
598 719
493 394
750 814
154 574
179 510
11 210
319 891
857 47
53 45
735 295
767 786
894 304
602 112
473 606
659 131
900 18
736 892
806 780
454 16
390 783
127 805
28 87
37 185
567 97
534 611
124 8
535 569
660 837
95 881
561 483
899 146
66 894
687 941
616 204
898 459
576 565
471 138
192 89
140 854
384 189
614 844
895 563
934 451
460 914
162 939
432 904
397 462
260 874
8 491
420 254
751 836
931 865
149 901
459 457
779 863
259 694
145 207
123 635
643 670
907 749
440 38
142 19
681 266
517 365
479 48
726 13
816 328
572 903
606 938
560 94
914 363
756 27
763 722
491 564
203 796
590 518
227 202
458 924
101 216
765 324
194 875
225 128
17 118
689 622
35 587
533 912
255 296
745 671
370 902
472 538
958 384
477 592
302 340
462 362
341 149
766 46
918 380
398 449
797 21
296 943
939 59
79 326
801 610
926 439
215 696
592 323
218 402
360 544
536 264
652 725
383 131
71 306
476 868
594 98
732 230
181 688
421 339
59 940
910 74
633 660
42 65
466 597
499 238
391 618
76 529
359 302
819 721
747 182
547 460
39 447
367 537
563 2
814 276
377 336
273 410
672 31
846 389
417 972
536 598
665 252
783 52
946 833
775 484
474 194
169 435
908 144
621 921
764 331
646 935
858 372
682 866
392 789
589 768
913 779
368 524
321 223
436 415
251 959
882 887
937 162
116 599
232 119
968 768
119 809
36 241
645 736
202 147
869 602
675 954
69 406
455 356
72 647
125 527
34 839
106 431
211 758
928 294
579 861
778 428
620 218
921 757
147 475
3 630
380 645
842 1
707 95
12 900
105 534
526 114
829 509
507 169
144 961
254 893
820 187
515 174
892 748
588 831
944 43
516 425
911 452
553 411
368 881
781 367
324 838
49 171
861 88
333 557
288 825
30 335
174 113
652 7
281 289
713 260
798 753
318 398
160 277
50 577
716 464
969 942
668 379
108 559
813 322
445 963
632 383
613 962
57 160
83 520
717 472
954 540
58 919
250 832
344 275
33 467
382 818
47 504
235 658
253 960
609 790
795 11
386 476
950 579
746 197
963 152
834 777
90 258
641 214
532 553
139 387
605 634
865 631
478 148
44 500
627 181
731 308
683 966
712 342
843 185
136 274
199 438
506 211
128 701
157 523
24 91
201 198
140 61
209 552
909 858
541 692
691 376
617 281
854 44
130 754
258 190
558 546
237 653
299 922
828 392
348 455
256 382
791 361
699 68
573 311
933 601
486 677
425 691
714 817
158 711
16 804
81 163
502 178
286 170
223 53
805 454
48 155
335 453
542 947
156 728
233 834
168 588
528 644
399 917
122 233
287 247
657 643
133 123
401 906
120 625
151 767
499 685
557 929
435 20
845 682
676 727
603 798
484 408
138 133
711 345
9 297
503 29
343 651
867 641
799 886
173 498
551 556
267 273
416 183
188 970
866 683
43 826
655 848
323 752
100 239
953 298
518 734
742 876
773 440
719 639
165 744
465 166
418 612
7 747
666 558
523 836
688 551
331 668
770 897
759 685
729 949
334 441
308 404
276 648
782 507
796 720
231 932
653 463
748 689
571 952
870 936
772 925
964 739
126 259
907 692
591 349
901 515
705 898
498 429
893 249
792 41
332 568
509 686
229 808
444 547
475 72
291 172
938 791
356 109
585 766
593 126
929 614
803 54
715 830
537 762
693 638
478 231
904 908
121 251
663 889
903 729
272 562
441 822
357 79
695 771
389 96
635 32
10 485
600 196
117 702
482 571
967 662
922 300
230 799
467 82
842 310
906 567
249 117
208 148
873 245
756 388
554 397
940 423
580 763
972 583
411 192
412 550
927 51
353 37
22 332
68 75
637 320
970 479
32 424
549 6
951 36
930 800
569 750
647 267
623 412
41 849
661 39
531 78
400 608
568 477
943 40
263 81
312 282
164 381
387 725
166 207
679 864
19 325
371 693
734 784
51 215
370 794
862 220
501 885
678 853
262 760
636 360
372 201
698 488
923 229
442 1
770 910
240 726
573 298
601 554
885 9
521 505
615 855
306 437
740 286
666 110
818 366
268 495
326 357
611 184
336 951
884 236
674 61
153 669
426 108
184 5
60 956
242 268
310 173
10 246
365 303
670 221
195 205
941 83
815 279
206 590
277 501
680 237
213 723
947 724
744 649
760 141
841 575
329 307
285 12
587 151
788 444
219 470
375 283
825 632
604 897
741 640
388 378
180 820
172 636
596 33
269 926
275 570
92 327
415 595
204 409
85 637
708 63
449 819
292 706
113 813
91 676
97 93
673 578
754 186
774 950
545 84
802 681
889 915
757 964
859 615
849 806
955 918
785 746
175 517
56 313
429 242
247 582
443 284
99 555
393 713
438 695
520 469
77 883
317 664
114 591
667 957
638 565
718 244
948 745
644 860
749 487
880 617
25 876
238 154
883 458
589 15
63 334
347 667
261 69
664 531
15 816
559 489
488 350
272 155
610 847
915 64
524 707
107 877
396 657
626 741
694 421
363 179
771 971
743 80
609 375
217 55
811 700
309 417
538 337
925 405
483 203
193 396
629 778
178 395
23 416
490 330
618 414
182 512
403 391
102 516
942 620
496 165
226 773
584 882
841 832
221 514
279 931
875 263
730 262
289 234
550 795
214 446
447 420
751 257
809 56
656 792
342 317
265 292
543 136
205 150
821 774
511 740
58 407
530 213
495 755
654 650
853 856
314 153
546 785
578 533
337 535
293 315
510 386
395 256
376 870
104 17
492 227
801 878
723 927
325 829
437 933
607 913
135 468
872 369
916 35
378 358
957 285
833 105
826 899
494 916
379 222
659 646
94 764
78 958
338 566
88 879
228 28
971 600
480 548
468 159
843 835
287 860
290 828
780 824
737 928
463 110
414 125
406 895
340 228
710 359
318 448
793 132
304 176
86 343
111 309
503 29
583 802
935 225
856 690
163 400
969 787
851 930
627 752
603 198
234 769
278 699
150 14
6 717
18 426
539 177
642 269
529 70
508 200
257 793
612 735
776 157
848 506
513 307
808 111
266 34
65 364
952 621
187 772
961 442
284 888
700 790
761 253
850 525
582 161
706 168
410 248
738 361
648 24
241 674
171 100
311 261
55 86
871 456
243 493
690 869
200 316
684 77
830 626
827 312
167 399
838 519
624 106
769 486
874 466
96 121
784 787
512 115
439 581
93 293
879 585
320 156
20 607
424 471
373 619
789 560
161 528
630 852
327 338
966 759
481 250
450 624
118 613
891 240
868 596
514 129
427 265
170 49
703 712
446 810
896 710
544 803
739 716
824 23
522 50
738 127
831 873
303 373
90 300
890 782
252 419
301 542
924 481
696 946
103 812
500 124
422 508
313 880
146 709
210 704
413 137
431 418
322 280
434 731
887 139
282 968
394 22
733 781
222 911
497 321
80 698
701 30
948 408
45 485
364 390
576 76
949 465
457 732
634 580
294 697
