995 997
752 567
851 855
560 137
987 477
721 712
634 222
178 700
564 715
356 370
120 833
926 839
548 179
518 713
218 82
880 445
929 181
628 199
625 132
446 561
784 129
29 918
826 725
777 766
827 167
888 832
573 12
880 202
727 44
158 648
239 881
961 436
669 980
248 116
455 150
257 586
810 464
324 969
333 906
554 696
34 177
183 579
0 0
427 114
535 957
337 388
538 816
837 769
471 474
267 652
53 185
191 263
569 706
678 466
486 293
934 863
794 772
271 828
980 658
362 921
297 391
155 474
25 98
301 789
380 174
125 902
485 970
615 871
159 124
972 703
817 649
785 247
639 865
460 977
797 892
34 341
890 776
251 895
157 624
328 597
181 51
536 543
535 704
613 520
156 700
134 748
172 255
434 539
168 64
182 38
234 430
189 52
400 217
274 966
835 74
954 397
902 663
487 981
451 89
37 311
582 384
779 33
331 407
316 936
72 121
654 139
753 666
475 982
808 372
396 493
947 46
907 198
819 201
611 711
33 872
815 955
447 375
40 481
499 293
399 736
965 792
331 282
580 467
11 645
720 38
703 713
14 563
702 105
943 77
437 990
748 383
833 750
198 761
944 718
552 847
836 45
58 302
18 79
582 831
656 609
984 557
220 944
184 285
978 371
5 648
269 429
820 550
185 828
170 275
927 223
244 534
589 956
355 469
106 905
485 641
346 596
17 727
480 904
401 708
773 349
591 800
43 16
192 608
964 751
205 7
297 691
759 970
948 231
530 602
149 662
919 195
24 278
521 236
590 414
610 396
867 373
572 240
783 876
619 392
650 212
361 230
138 36
375 358
756 73
743 9
501 169
767 9
651 111
446 593
803 484
983 298
591 24
550 392
498 157
682 878
612 373
416 340
58 141
545 113
942 332
693 72
924 350
893 545
870 529
3 22
549 59
973 163
262 541
246 646
304 194
697 930
774 875
481 859
777 368
978 850
717 425
974 362
517 229
148 502
588 860
901 768
15 149
909 668
659 771
612 656
580 689
445 42
709 146
483 788
917 449
361 771
400 939
683 677
265 390
450 8
269 621
459 369
715 408
605 411
859 803
874 590
708 426
221 90
851 845
61 822
971 32
393 534
405 739
453 147
544 260
906 63
14 628
28 186
807 791
97 702
124 302
129 437
802 457
519 313
294 953
1 145
376 497
36 522
685 971
923 462
4 268
622 965
691 511
171 187
151 811
960 941
844 749
977 462
211 472
54 384
714 835
325 170
364 351
987 204
96 97
326 936
301 524
28 13
506 484
514 726
756 112
287 579
753 167
347 816
91 538
892 919
408 963
689 838
599 289
836 243
778 266
66 123
162 413
214 443
526 250
583 861
789 238
898 910
271 441
631 501
562 883
879 642
706 457
337 262
121 146
258 806
345 500
85 215
344 30
866 824
571 118
649 308
553 264
413 710
491 559
64 412
265 533
908 974
672 71
489 151
355 644
21 539
431 618
444 627
29 826
840 710
75 969
343 990
652 21
73 604
277 343
456 829
795 878
78 522
164 487
876 613
567 80
374 515
192 216
954 610
85 853
226 435
335 240
900 354
478 292
672 513
714 834
252 502
20 270
77 967
78 939
722 205
360 210
438 949
796 15
669 303
261 674
182 759
158 323
241 764
901 93
309 308
495 469
509 378
629 480
25 360
115 780
204 765
790 885
546 956
50 194
746 436
290 90
250 899
403 266
729 247
20 175
426 403
316 22
783 587
764 327
431 574
531 667
688 960
174 160
665 790
762 563
643 300
242 865
329 586
852 558
456 127
290 367
798 68
903 102
687 993
274 62
318 440
938 443
314 499
299 88
938 607
164 67
882 490
572 135
341 596
600 202
733 13
821 962
26 213
645 631
681 404
412 809
504 518
705 444
959 215
439 56
358 873
583 793
307 376
65 637
551 244
110 873
91 529
220 320
76 62
862 479
353 731
372 543
153 454
697 528
3 531
278 398
180 709
857 615
897 292
620 279
728 950
272 863
27 650
473 200
84 458
461 415
540 595
602 869
55 813
958 796
548 984
118 932
236 570
188 35
742 208
349 503
353 162
637 261
381 31
607 841
310 119
581 458
435 760
636 212
603 441
565 315
619 749
864 527
433 100
945 614
723 397
577 260
402 780
626 87
698 951
917 903
243 176
76 168
571 768
415 459
842 692
291 69
345 569
249 161
772 846
136 506
676 827
601 808
177 154
805 924
417 885
452 752
856 471
640 646
920 235
60 190
48 739
319 663
10 336
695 374
630 379
69 148
399 686
688 414
883 879
559 210
804 298
497 286
758 882
989 946
193 677
784 937
465 661
861 843
909 740
812 961
931 94
622 140
515 246
568 557
746 773
35 747
747 472
19 320
525 640
321 190
52 526
556 952
801 675
916 263
921 707
807 224
592 470
184 730
910 421
17 588
80 617
775 453
578 404
949 813
537 75
738 223
504 391
2 853
925 346
475 825
27 636
281 598
57 951
823 439
765 894
576 31
666 511
862 48
102 754
884 406
685 117
235 81
597 899
741 737
489 468
123 49
7 463
107 187
891 653
658 468
303 584
416 605
687 741
785 183
369 643
39 635
651 495
172 701
914 147
734 464
203 390
918 114
229 626
589 889
618 699
532 654
675 585
896 520
976 156
544 191
249 189
546 258
51 219
232 684
460 448
227 877
896 647
791 486
905 866
900 424
228 109
556 86
255 963
950 745
37 592
496 132
207 239
662 775
799 594
830 769
508 103
423 334
595 173
161 66
199 227
635 801
916 313
908 513
312 478
19 160
757 366
0 0
657 989
84 549
359 56
237 555
238 815
533 356
976 679
787 530
782 797
96 65
389 354
922 347
668 881
476 6
642 562
309 323
86 71
63 606
455 940
953 547
670 767
532 915
100 660
228 947
225 388
617 32
81 201
940 379
406 251
934 113
92 639
473 933
693 755
127 324
224 314
409 923
427 115
289 275
330 553
624 736
304 305
762 264
322 725
23 824
130 510
211 679
854 913
625 101
89 678
208 364
259 277
524 671
18 735
143 350
983 317
466 537
525 975
849 802
733 387
694 695
750 632
299 738
760 166
417 197
721 122
600 925
732 209
47 601
207 338
587 133
611 659
423 912
770 647
395 280
197 968
674 620
503 724
226 171
284 671
982 79
273 794
874 394
812 991
131 857
99 245
911 774
357 716
429 554
2 340
505 70
496 245
641 766
981 798
272 454
655 40
70 276
516 806
821 578
904 231
424 886
852 840
106 47
716 814
476 988
886 593
188 422
830 929
527 104
418 254
742 12
660 664
854 890
60 440
310 10
107 232
577 763
276 627
698 898
136 425
776 869
818 410
405 793
367 509
196 778
717 994
576 395
306 153
754 95
690 547
394 186
744 39
333 758
169 488
581 11
498 891
494 419
488 438
805 958
463 573
329 418
325 420
782 74
382 119
837 770
128 206
112 800
315 819
434 241
744 856
165 975
985 165
377 99
911 180
449 933
968 665
986 279
731 825
711 288
848 670
655 994
897 542
117 398
540 686
421 500
560 259
442 966
411 913
242 409
932 817
493 382
41 492
179 568
516 430
344 517
140 823
110 598
507 352
877 957
952 707
6 988
133 222
722 137
781 268
312 845
629 126
505 410
1 295
402 420
787 551
465 348
867 221
864 104
144 834
564 294
42 931
843 724
603 283
599 322
959 144
282 945
368 795
57 448
893 623
284 363
55 870
928 490
307 510
570 575
922 126
335 755
887 59
233 248
786 317
844 565
328 386
734 234
50 632
281 850
735 558
633 142
253 387
979 508
804 575
728 858
609 163
792 608
946 371
339 955
233 667
285 528
43 175
173 461
705 365
566 858
972 616
523 614
720 352
54 357
811 584
159 962
985 638
616 433
809 814
101 330
638 150
684 109
943 991
995 131
166 888
512 935
428 536
342 237
519 253
967 88
108 799
53 216
928 128
218 995
740 176
492 363
482 729
745 419
93 788
83 737
342 286
477 300
256 339
914 143
45 704
381 875
318 842
718 380
514 141
288 383
450 422
214 467
139 8
889 810
542 193
848 743
326 521
213 385
267 327
786 116
541 726
296 196
822 838
894 653
682 270
280 868
512 690
696 621
847 30
507 566
334 230
283 23
44 664
751 83
644 95
661 849
120 993
217 483
673 763
872 831
386 49
252 296
385 818
225 681
41 926
319 442
846 964
152 366
82 311
820 829
105 87
992 915
142 552
673 941
46 895
155 206
152 257
948 887
305 692
594 16
451 920
719 561
855 657
332 291
370 482
779 125
134 306
5 761
254 452
701 145
694 630
92 348
927 479
295 935
432 178
365 26
111 200
138 907
585 606
712 209
723 287
428 680
130 732
154 94
219 634
393 195
555 122
108 494
447 699
377 338
912 623
930 135
884 832
680 359
574 683
103 979
203 336
992 432
781 841
4 98
351 937
871 523
942 401
633 986
273 321
67 68
973 389
378 719
757 604
868 730
860 676
407 470
839 256
491 61
