994 996
446 751
686 835
590 682
905 378
582 384
647 57
979 713
569 134
369 405
690 71
763 518
598 332
465 312
301 45
974 374
295 39
670 652
185 840
730 478
360 474
0 0
484 684
364 524
830 139
211 757
232 296
224 514
785 28
881 729
682 534
972 513
804 152
235 65
342 805
327 141
585 641
101 926
207 64
674 623
242 695
395 764
760 426
903 171
691 411
740 199
264 468
754 50
571 292
226 898
221 349
749 404
743 943
236 201
843 646
421 20
155 481
273 41
74 704
789 924
425 914
546 849
386 308
578 719
348 994
130 371
606 423
913 10
320 915
761 869
800 509
453 406
669 660
904 121
961 160
222 858
882 197
559 710
435 179
112 14
296 11
946 334
62 960
104 450
725 114
964 991
977 65
659 925
523 782
75 645
104 261
409 665
879 431
379 801
332 806
952 95
385 600
52 313
637 388
852 689
250 658
228 955
510 766
34 740
558 569
655 489
176 147
252 708
529 571
485 697
795 833
148 789
28 438
174 857
243 210
403 863
238 932
149 467
701 716
372 55
850 759
258 479
38 475
673 383
898 989
883 712
118 9
695 110
457 44
520 734
87 917
213 124
656 983
204 22
984 410
362 384
414 476
283 329
87 917
451 802
391 109
438 424
440 336
353 469
188 882
655 772
813 706
32 331
964 872
193 59
147 949
765 856
735 18
174 324
280 306
234 261
477 371
169 482
429 980
595 778
801 532
358 96
629 461
63 422
824 566
553 88
685 635
888 648
289 285
336 13
953 940
31 712
229 540
567 196
803 129
565 798
173 699
239 496
873 968
844 245
167 903
81 791
319 82
743 234
531 987
844 150
279 556
131 597
930 912
990 937
963 634
222 187
773 351
173 969
543 84
445 77
858 24
985 480
473 973
908 217
500 30
145 391
90 259
214 618
697 554
277 269
184 402
1 759
282 300
475 536
989 430
363 459
767 369
505 171
175 941
252 84
14 696
960 510
653 604
570 286
871 233
404 589
625 390
543 846
70 910
109 946
108 190
293 47
752 353
482 70
744 649
412 504
706 421
808 54
480 544
110 145
349 945
424 248
660 657
0 0
101 157
658 290
949 616
346 617
985 477
459 456
186 874
272 249
233 948
460 524
78 718
6 394
838 194
561 484
666 817
538 188
764 950
330 691
190 226
290 246
527 161
153 403
378 470
617 725
910 807
417 345
59 230
641 485
321 432
555 621
200 736
574 116
884 5
828 624
324 583
390 372
454 362
63 661
420 832
674 550
619 396
402 253
45 839
374 486
854 649
724 166
49 890
46 762
437 825
504 845
400 238
442 275
215 938
133 750
929 529
533 525
218 947
201 263
100 69
781 392
560 153
428 886
125 163
766 585
519 867
318 787
345 53
779 344
95 195
616 586
115 692
256 768
992 726
693 48
720 68
651 237
864 673
310 267
827 933
58 164
208 863
924 859
503 491
276 272
67 705
530 687
838 294
984 986
281 517
217 792
547 748
359 427
581 811
314 975
487 788
756 542
442 923
731 432
223 277
954 531
513 794
401 797
225 262
37 636
751 794
377 821
7 965
105 491
490 395
931 499
68 519
159 180
943 901
969 711
624 851
640 722
758 294
572 683
498 466
164 144
921 555
532 25
657 638
248 628
199 444
97 602
494 888
967 576
895 970
470 29
302 659
896 876
768 257
216 214
96 60
665 650
189 467
717 993
462 141
114 425
274 698
593 795
410 853
405 828
638 546
91 909
83 774
123 322
508 275
936 990
93 864
165 906
568 714
259 701
678 639
919 490
249 934
790 915
869 365
380 959
799 326
522 584
808 786
79 987
865 497
486 690
597 172
829 826
55 299
603 776
265 918
922 756
430 848
945 564
663 927
474 79
833 971
896 644
678 683
696 419
408 521
560 922
268 187
25 74
893 340
210 457
303 163
967 315
607 462
709 902
306 590
170 741
177 5
650 966
509 452
700 905
431 730
461 591
721 228
613 394
146 539
891 407
679 494
418 107
415 944
814 770
596 120
197 492
734 316
506 928
883 931
245 138
466 662
254 8
50 830
339 820
562 83
792 685
731 515
511 325
841 742
209 448
589 377
780 672
572 159
423 137
436 473
92 501
20 366
677 709
573 887
447 100
185 418
526 600
866 89
6 535
284 434
492 49
646 51
263 399
839 356
594 317
611 493
269 3
711 607
860 58
450 772
18 913
692 577
588 254
522 721
739 877
627 118
601 40
966 796
354 483
837 172
219 102
298 209
583 784
982 980
476 630
900 822
897 376
300 502
542 413
348 976
483 728
191 664
551 829
859 508
586 443
610 88
278 436
797 878
361 904
433 115
44 666
958 397
312 38
779 619
793 892
151 128
313 500
251 363
970 186
563 81
206 707
826 293
478 225
942 200
130 48
464 565
258 747
279 702
893 285
728 301
255 755
161 198
579 460
703 757
41 551
755 608
994 515
111 724
935 637
887 325
357 507
316 891
117 926
9 671
370 548
77 609
320 4
196 588
56 625
769 67
246 288
295 253
965 593
856 700
257 135
516 799
350 318
327 748
314 765
155 39
774 889
262 620
735 420
338 244
375 305
98 976
488 255
577 170
787 280
663 927
552 15
260 136
94 62
750 868
763 729
434 85
737 241
806 653
76 771
251 224
138 169
889 354
182 879
493 448
777 274
973 640
983 142
708 518
116 520
452 33
99 723
648 108
880 530
988 606
710 229
271 212
714 921
890 323
178 239
267 511
397 46
816 892
86 297
309 433
884 376
113 235
119 150
723 605
237 981
605 103
545 582
886 339
705 123
676 207
940 675
811 27
323 780
668 281
373 819
455 346
191 991
758 367
11 954
247 36
615 541
547 699
810 556
956 909
633 177
270 611
366 93
307 615
160 550
302 181
355 175
292 215
315 387
872 42
644 925
753 785
825 111
268 654
715 693
250 661
981 385
388 219
66 793
570 117
704 935
406 894
468 408
338 978
121 575
951 814
227 439
91 986
26 449
670 26
308 936
885 832
299 803
154 852
613 289
124 193
64 580
517 256
392 75
962 221
521 627
3 761
103 745
134 558
304 23
831 988
47 463
610 317
559 1
528 97
783 525
310 426
241 21
501 17
16 720
333 601
867 43
822 61
180 951
871 382
456 106
120 562
630 942
399 447
554 347
481 602
937 631
351 715
684 818
42 142
66 870
503 961
807 34
297 568
703 853
30 587
13 415
544 528
672 330
488 61
608 567
523 929
105 623
718 877
417 122
875 626
771 739
489 642
419 386
549 140
502 841
812 182
10 32
347 717
439 783
162 126
688 409
862 847
632 679
603 53
51 304
537 341
360 203
244 132
380 823
631 361
741 375
166 738
416 328
192 307
126 563
27 455
934 19
165 686
816 854
868 963
667 381
622 368
356 920
463 218
458 561
198 753
137 309
334 242
422 834
947 112
162 389
689 146
874 549
31 36
875 213
352 341
694 270
716 12
620 127
634 453
143 373
202 194
398 592
862 847
894 815
389 359
916 744
526 581
382 247
652 633
719 276
906 835
82 865
156 805
322 860
286 321
796 516
472 790
938 16
538 820
358 770
815 428
676 845
128 574
60 639
591 106
920 220
535 537
944 752
178 557
818 809
129 677
821 749
407 827
195 350
505 512
216 311
230 681
534 176
131 266
132 337
618 393
287 866
383 769
496 911
102 688
918 264
950 271
364 333
587 319
895 167
469 552
444 119
329 464
746 777
35 978
870 181
736 800
842 72
69 775
861 227
694 298
784 136
635 974
429 982
958 122
139 527
21 278
80 94
824 566
775 471
15 465
411 73
713 133
231 287
614 451
914 651
337 919
40 357
387 604
977 283
507 596
393 311
939 381
54 702
930 240
834 416
152 80
747 479
135 35
396 367
846 912
675 916
204 413
899 156
19 495
823 90
848 632
645 533
220 579
899 189
802 959
443 952
817 612
497 56
643 656
642 599
907 355
957 545
266 876
911 506
211 850
851 668
157 576
365 907
968 265
923 880
902 595
612 680
232 168
368 414
158 352
733 343
573 760
212 767
343 840
837 342
776 154
43 782
7 680
941 113
73 206
326 855
536 401
726 400
855 86
240 881
441 804
72 52
933 231
179 900
809 2
738 812
471 754
732 626
897 4
127 437
208 288
328 22
948 499
592 440
662 445
580 184
148 972
303 687
33 647
671 99
564 737
17 151
168 203
722 962
24 553
454 125
762 539
836 512
778 192
291 76
144 282
575 273
636 487
335 205
584 955
621 379
654 861
849 37
57 727
742 813
495 908
149 953
599 901
12 614
681 732
798 223
140 629
857 260
819 928
85 975
707 979
971 243
183 992
993 441
598 810
885 340
791 427
8 435
291 733
71 578
89 92
446 939
727 335
78 107
667 957
788 669
628 236
514 836
878 398
2 498
458 609
773 412
29 622
23 873
202 331
932 183
541 842
557 781
698 843
540 956
643 664
745 746
344 158
548 472
786 98
305 831
370 449
205 284
594 143
