4000
1298 3536
2873 1293
3598 632
2714 2244
2150 286
2612 1724
3420 1725
676 111
2603 3103
1475 3270
2189 1732
2573 2379
1009 2148
152 2729
3418 3782
3022 702
249 2696
649 3653
3214 3429
746 3697
3733 3314
2600 3516
3765 1321
73 575
1919 1993
1981 3252
2248 2323
1820 2872
3044 800
502 3459
2302 1556
1904 2842
3768 1411
1488 2890
2418 331
3124 1155
2420 3388
1453 1598
655 1141
2082 2738
51 2832
806 1553
1688 1687
3855 3992
3757 3277
3 362
1209 1110
2626 3323
3856 2756
2809 2516
3724 2739
3578 3124
666 3771
3188 2105
3046 3475
3003 3087
1220 3857
3487 3453
807 2750
2245 1288
2555 3437
1779 2137
1823 2015
433 3370
1559 2783
3622 161
712 1271
2148 1682
23 278
787 344
2190 3727
136 890
1311 2822
498 1487
2807 2241
3265 1442
3142 3746
3012 3856
299 759
351 1331
2121 1013
1236 3266
427 782
445 909
1979 1162
448 289
3736 2619
729 2787
1848 1576
2348 1720
2368 3827
2458 350
3074 1500
3196 2078
2361 1189
26 2687
1990 2844
3627 3574
2397 538
3453 1933
3205 3236
492 191
713 512
109 1967
1497 13
1606 840
559 3822
3227 3029
1866 730
176 234
1924 3349
2760 1860
2536 567
2921 1114
1077 77
931 1870
64 1423
3573 1029
2730 3610
1552 1310
3651 2693
954 1949
1145 106
426 2704
1882 3525
2065 3748
2852 3532
3267 1441
2885 1826
3385 2629
2039 2759
1538 3100
833 2571
304 3015
1361 2818
3972 3716
759 461
1182 1489
2387 3358
2892 834
636 2130
3841 1066
665 3968
997 2238
662 1219
365 740
3280 1617
3869 2561
251 857
2056 2176
709 3158
2953 802
3347 810
3674 1480
1903 2275
1178 3740
3707 3837
3033 2060
3644 3732
3851 3753
842 1184
1018 2411
2261 1067
42 3598
3136 3398
2765 1492
2753 3332
3903 2515
2104 1126
80 919
2178 1787
2887 2710
2910 950
2092 2661
1933 2173
2480 2132
1662 369
700 951
3103 3700
826 2444
1684 1851
714 2956
466 3327
2831 486
511 1450
1687 3219
1759 2019
3438 3138
335 1942
2639 3637
1125 2262
356 3505
3181 2082
2323 3755
3918 3660
3685 202
879 1930
1960 3180
2394 884
1456 476
721 2081
549 3914
998 487
2441 393
327 2209
2128 1994
2632 2106
2762 155
3432 1218
2665 3601
3072 400
3154 1289
2886 2417
173 787
2896 193
536 3410
1846 1437
3287 3315
3130 3321
3636 3831
818 3328
3750 2264
2844 3845
646 1049
785 1885
1929 258
1800 1430
2909 2575
3779 2062
1621 3476
3387 3888
2365 1767
794 3367
3781 2395
2646 1032
2565 298
3795 3909
2137 5
1669 1257
2618 3214
3239 1519
2151 3908
632 1940
658 3567
961 3553
2834 3163
158 1135
3258 3045
3463 3940
2443 2376
323 105
3189 2286
2842 746
3364 3411
2320 3688
2679 2698
62 2223
3902 2552
1967 276
2057 1472
3719 535
999 1356
261 2050
2159 3674
1648 1424
3383 3230
3918 861
3380 2520
3941 3073
2588 655
3238 1558
2049 2258
3185 2312
600 1904
1721 1865
2396 1247
2296 1192
2677 1300
3415 942
1080 907
2856 3344
2686 2769
3984 2040
2718 1632
1272 1710
832 2828
1304 3882
1617 2839
1416 2277
2866 3964
2954 1243
2595 3273
35 378
740 3738
3117 47
201 3590
2427 448
2140 122
3465 665
3249 1786
2915 1637
686 797
3773 3799
394 1470
1092 2358
3372 1085
172 1028
3121 3658
2925 1992
1772 651
3915 3750
3968 1467
2818 920
266 481
3133 3841
978 3250
2160 244
1830 2805
1132 2722
7 724
2279 1817
324 2131
2091 2889
3064 3586
377 2921
1859 1764
886 1319
629 1309
3034 2782
29 3594
2710 3257
1122 640
1642 2254
1141 2386
605 1237
3892 2240
1160 2911
205 3128
987 114
2389 1882
2069 977
3397 2574
1579 1950
413 1668
34 1744
675 531
3801 2408
1289 248
1599 2766
528 3672
2789 1222
3810 749
3846 3571
527 530
2950 2279
830 2790
1775 3074
797 3187
1662 3399
2991 2588
2388 973
538 1842
1159 3012
2768 2967
3753 1297
2559 3560
2325 1355
3922 776
2472 2350
808 2725
2937 3143
747 2753
3434 85
290 160
494 405
906 1584
3660 345
988 1081
593 3547
1852 3662
46 892
766 3635
2836 1342
2202 3243
697 3712
3763 3497
3670 2097
2943 2686
3079 914
3570 1718
3433 2327
2535 1176
2502 3880
1786 3948
3577 2464
415 2510
2568 564
2848 3850
1036 2771
1263 877
1302 609
2281 3165
1151 3969
2570 3991
2511 1964
3158 131
1415 1583
2339 1678
3891 1973
360 1722
565 3861
1173 939
2438 3546
3800 2246
598 3952
2399 240
3588 1248
3141 1004
242 1062
2729 550
1529 1977
1014 1593
2494 3081
3991 3351
1473 1272
1569 1109
2881 504
1117 1800
1170 835
2796 1160
3273 3385
1761 2300
3192 259
317 3082
1492 1011
3029 671
2934 1697
3062 2579
456 2287
2635 515
3691 1836
3555 3715
638 1202
2318 315
186 2308
2598 2202
3621 1788
602 815
1346 3234
3715 553
65 1473
464 542
151 1409
1387 868
1913 383
937 2785
1377 2489
2176 2637
3290 1375
1239 2452
3086 1348
568 3056
2393 2699
1752 2263
594 3737
964 2618
3956 1502
1265 2511
2700 1989
2334 443
1307 386
2904 185
1962 1157
2234 2036
3068 2161
2752 887
398 3656
1683 2609
1044 1144
1245 1481
3409 3265
1780 3173
2297 681
3032 1939
2957 602
122 2304
1657 2339
928 2270
965 494
2674 633
357 644
3646 377
3523 1522
1047 3278
3123 2940
3345 611
85 2384
2398 1482
1381 3126
407 1226
2133 2499
784 3870
3114 1680
1741 3769
2780 3564
3793 3179
2994 804
2574 1979
3947 936
1374 2426
3992 3957
3749 2242
1455 1259
262 2332
1341 218
1695 845
3357 2632
551 83
224 137
2675 3132
802 794
1799 1630
452 482
382 785
3013 1093
3560 743
3819 1479
2563 3572
2917 3479
1152 3287
1548 1532
2914 3493
408 3985
845 2841
3648 2928
3774 3667
2202 1691
3301 356
3623 1841
2447 1644
1608 1893
779 1546
2341 1105
1214 562
2146 1174
2653 741
3512 3360
540 3543
204 2045
2242 1827
2478 224
31 94
128 1663
2373 2154
1419 3960
3649 507
2340 2345
1242 2211
2530 2955
3497 3063
3275 1059
471 3445
1860 3488
2236 2863
1801 1269
1530 2326
3898 3347
470 2534
2356 1495
2220 2918
2044 1436
1053 2269
1674 3239
1585 2714
1238 1602
1816 3237
3516 2309
406 2662
730 2589
2608 990
2858 2682
2615 1019
3390 3705
3153 2680
3524 1203
3723 3335
3629 2135
1421 196
1428 3313
2481 2207
2208 323
3742 3092
1570 679
2731 3319
1676 2009
2742 82
2162 336
1218 3510
2058 606
3873 2084
2026 174
2301 2590
3292 3033
595 2988
1616 474
3454 3117
572 3279
1767 1485
3541 2514
3126 3434
803 2772
3371 2643
1876 3858
2001 442
2483 2059
1404 3112
3871 430
1902 140
738 1592
1038 3834
2223 2745
1950 2048
219 2986
2257 2210
1181 2959
1983 524
1596 2655
1602 1280
3111 246
1061 3486
3414 3588
28 3883
2864 3955
1748 947
1445 3039
2336 2430
397 297
1418 1008
1755 2860
849 3652
1503 1762
2285 2770
812 3743
1794 3739
3740 391
3421 2189
1246 3800
2935 528
2968 715
3221 3248
2013 923
905 3663
2589 2690
425 3692
2752 2473
1666 599
2975 1567
1020 2110
3330 1421
2987 1569
3732 1728
798 1386
1403 508
274 3224
2826 2498
3790 858
2355 2158
1447 3971
659 2121
1070 3326
2525 2497
3272 2607
2075 2730
3431 100
3879 2800
1206 48
2087 446
3895 610
2539 2398
3998 2593
3216 349
499 937
2391 3113
285 1548
780 1445
2989 1039
484 3133
1968 2150
1030 1346
2558 2732
3821 2315
1253 3928
209 629
2531 256
864 3929
3105 503
1535 2960
458 2950
287 3032
108 59
2306 908
3563 2441
3824 3629
3115 1198
222 3052
1457 60
753 28
8 1071
2638 3907
755 1969
2623 964
3812 2129
2232 3423
353 3357
2719 1952
1958 32
2516 2220
2415 2904
925 272
1677 1415
556 1097
669 3864
3060 1466
440 3350
2820 89
2194 2596
3277 1653
1309 2467
3539 2085
3131 1873
959 2342
934 1729
2263 955
3568 3482
1075 1966
188 1910
1483 3441
2144 2284
495 3919
1817 2152
3485 3847
1328 1197
3496 3371
3201 3608
207 3600
277 3899
2741 3722
3501 688
293 3805
2722 912
2123 3640
2403 3084
3320 3055
2977 828
535 424
2533 1291
2029 2461
512 2623
1262 1735
1425 2428
773 701
3743 1740
1210 3561
135 1648
1314 1856
3172 1419
546 3701
898 2509
432 2088
2770 578
2590 1589
2979 3108
3937 2761
1701 214
2681 3217
873 2039
2459 86
1673 3568
3404 3736
939 699
3093 2331
2524 2095
2883 3460
2156 3779
3004 2636
744 2644
3147 24
1042 14
2919 341
2053 3682
1391 1659
411 324
1505 1175
1486 577
514 1917
2624 1615
1090 1188
3113 171
1784 614
2346 2243
3038 3643
1033 3168
1401 3085
2250 2123
3574 1017
542 3136
1187 1572
2676 1050
3365 2184
3317 2475
2942 63
420 1666
836 623
3494 1025
3386 789
2794 136
3916 1035
771 1124
3233 2997
43 3231
1052 2894
608 986
3176 1578
2005 2946
2428 2737
1012 3197
2153 3973
233 1361
2656 3529
2895 3281
3193 2479
1216 2450
234 1429
1435 1195
2949 3611
3932 3649
2715 2586
3901 209
1350 691
924 3401
1930 468
1008 180
3413 1249
663 2846
1282 1594
2735 924
2528 2814
2489 3274
1850 3975
3615 1395
1764 1915
2712 3623
1260 753
889 1816
2070 376
804 123
2561 754
3877 1618
3237 1758
78 3229
3459 301
1691 628
2030 1706
1315 2952
3348 279
3734 511
2372 2014
350 3267
722 2371
359 1305
412 3451
1189 66
2201 1938
1730 2310
3934 2987
2199 2973
2367 925
3333 449
3784 1391
3449 1394
3327 2849
3304 2133
1647 2789
2298 2639
1883 1457
1675 2219
2899 3426
2775 425
1464 2974
1093 2720
1458 758
823 1866
2716 1036
3966 2120
3229 2079
2009 1889
3294 2537
619 1082
3009 696
2113 569
3187 1406
1638 2104
3826 1172
2564 1434
706 2214
3814 2093
979 3359
3122 1737
178 99
2423 3980
1287 2311
2487 1469
3827 3885
2654 1425
2486 513
3637 918
592 3759
326 2393
3076 2835
2440 872
2437 905
1589 145
2980 3773
708 819
284 3638
1837 3396
1313 2668
2951 3185
3426 615
3838 3166
2697 2557
1792 1887
554 2664
2329 1418
1785 2780
505 2908
2663 2633
1686 2434
1146 1843
3583 748
2132 2448
1603 3499
1575 1611
3065 2382
2077 3127
603 2271
2771 261
1269 117
2118 404
793 2183
2025 2809
2093 1990
3282 2654
1006 3458
191 999
2763 2213
2616 2484
732 763
2283 3170
1264 3428
2737 3920
670 1460
319 2301
1420 604
1760 3756
256 2188
947 3873
3970 3406
3197 3002
3356 2792
1766 201
3199 6
1212 370
3052 3464
309 3835
1927 3374
2726 742
2067 718
3251 2799
1644 2813
1306 2562
3321 711
2286 3559
2158 2415
750 4000
1225 1367
2695 37
86 78
867 3573
1498 1002
1536 2035
1706 670
1439 3151
3232 2548
3542 314
169 821
2984 1076
3718 2042
2349 1616
3571 72
3788 3760
1605 2437
2541 3557
3545 2136
763 1408
2309 1329
52 1056
1460 693
3532 519
3833 2282
1474 2281
434 2635
3738 3204
3253 3503
2328 3098
2630 189
1204 593
3725 2394
2165 2569
3053 1330
3497 1714
2493 2156
982 816
726 761
2210 2982
3635 3923
267 2372
940 1892
521 2008
1106 3708
2745 764
180 1382
3933 3291
1266 2225
3178 2357
2183 3330
2948 3862
1130 1926
2867 1420
1509 803
3928 2076
741 597
1268 1045
496 12
115 3636
555 2755
892 910
3366 1932
310 806
2694 595
2212 1273
2740 3615
2311 975
2383 2000
3653 1294
2088 3067
1561 3518
2 2961
702 958
2544 3343
3722 2947
2445 1636
2475 603
2647 1303
2938 3890
2601 445
2224 1046
1015 3646
1693 2291
620 1368
996 178
1699 318
2120 2101
2767 1813
3805 2616
976 1550
2295 2964
862 3309
1207 2387
2947 2185
3596 3531
3254 2054
1543 2873
2408 1080
3887 2149
2492 1961
3741 1410
1841 1846
2560 3642
3236 1505
3807 1642
59 75
1630 3333
220 45
989 3693
1471 1073
3931 1530
1443 3213
1424 677
2125 164
2545 1727
1827 3439
443 2897
1753 192
1032 221
664 320
2291 1366
1770 2347
15 3390
463 1775
2233 713
3400 3093
2115 514
3159 854
764 953
1888 3145
96 1564
2338 2922
2567 351
3776 1875
1188 1905
690 266
3095 545
84 2912
441 1909
3204 3644
1955 2677
1385 1545
2520 929
2308 3096
3806 1376
2173 2378
2667 983
1283 1313
3319 2886
1097 1000
1194 1927
1506 2622
3993 774
3376 1805
2038 1531
1059 1317
3467 1752
1254 3790
2739 1694
1607 2113
2247 1137
2436 1794
736 2273
1961 592
1778 1187
98 1563
181 2724
1739 1688
2791 2031
2538 1595
14 1398
1558 3491
1335 2474
3324 1541
3606 421
2837 138
3683 208
914 3796
301 1287
2449 1998
1229 3744
3551 3193
599 1751
1154 1392
2781 738
2462 933
957 347
1864 988
3591 228
3567 2831
2222 3668
3135 2656
1096 3232
3590 1804
3339 306
1629 3260
2507 8
534 3506
3695 1276
384 2797
1331 2896
3437 814
2198 1867
1129 2935
1796 1693
2870 3523
3091 2898
2421 3686
1183 2346
2181 732
2055 2681
3699 767
215 102
2332 470
3423 3884
3305 3896
2939 1587
1593 2793
1633 2126
490 1161
848 3329
2611 3898
44 3566
3909 3402
2918 418
772 3622
1510 1516
3179 107
3063 2864
2750 2052
1544 2155
1915 1212
1110 2617
2841 3828
3235 313
1912 1789
2249 3661
3639 3695
1908 888
451 2100
3656 3591
3982 1919
2101 3316
3394 3353
913 3348
2955 3786
1549 638
984 436
3832 3009
338 921
243 490
3303 779
1643 30
1627 3613
3461 1974
3368 2493
3312 2539
869 976
112 241
2817 1579
1013 2989
2252 1040
2157 1234
2062 3156
3647 1360
2931 2064
1940 3425
888 2692
513 384
3936 1166
2928 175
3798 622
1951 1685
3926 2819
3709 3134
3878 1603
3148 3352
2690 2902
329 3184
2258 255
718 3019
1944 1654
2154 1213
3082 2983
1511 2336
110 2976
1000 536
229 1231
1513 3729
3949 1809
517 3944
2395 2001
1943 1793
1186 3268
1121 666
900 762
2455 3939
2577 1754
3373 3162
1956 1362
4000 2845
2045 1512
2324 549
3384 3970
716 388
2253 625
1193 3535
465 27
3766 415
574 2825
1180 972
2214 2529
1005 285
3556 2585
2359 213
2498 1745
883 520
960 104
2713 3616
3677 1439
1205 3095
1256 43
622 1451
3843 3381
2136 3665
1462 881
1258 998
1402 39
1694 1577
2976 2969
3137 463
907 3579
1232 471
707 2608
673 346
129 394
1156 380
101 2621
2282 832
3533 3650
717 2826
2205 410
1502 885
2707 2405
1847 148
1680 822
50 187
1316 3605
2838 2134
1104 130
111 573
3950 3891
1972 3415
3191 3764
3703 2816
3212 3918
24 3874
1539 591
2411 480
1855 820
2390 727
3071 2970
286 62
3435 3075
2100 3152
2850 3982
278 2385
552 3788
3334 605
383 2290
2374 310
1626 1233
16 1245
3081 2501
1728 2929
63 869
2993 547
1750 811
3575 307
313 663
3257 3978
1334 1369
2550 866
1545 3569
2514 980
462 3160
3999 1755
2363 1209
1233 3913
399 736
573 3887
1333 3419
146 1142
1842 893
57 3933
1293 2711
2266 3539
1353 2931
3293 1640
2147 2086
3150 1252
2218 1168
3143 3174
1398 2472
1709 36
2059 2507
3559 898
2863 381
506 1701
809 3627
2294 1325
3359 1899
1249 303
2107 1655
2922 61
3300 3368
2219 42
2377 163
1449 2094
3173 3879
1600 1200
1849 3793
189 3102
2007 1955
3110 3664
446 1951
3039 2972
2798 1095
3281 219
124 2098
2723 3379
2269 1877
3971 1610
3349 2700
276 3154
225 1551
1765 1566
2379 2012
3978 2877
393 3612
2461 402
1628 1835
1664 389
2134 2422
218 2646
507 3719
387 1777
2098 1937
1587 2587
1984 165
1998 1850
734 101
908 1597
1446 2068
645 49
941 3436
3986 281
3754 3440
1481 2685
2096 1214
259 1208
3024 2432
1123 2139
2376 3235
758 3875
1653 1024
616 1116
3156 1897
1546 3895
2506 3038
882 2985
3010 2431
3489 343
2769 220
1814 3839
561 3910
3662 3741
2579 3830
1742 2980
2602 3282
3118 1228
3145 401
3957 3290
1571 1390
1935 901
1358 2466
3422 3191
1365 2418
2268 943
1611 2320
3510 3983
3112 1283
3538 2111
624 88
1442 2709
1623 3728
461 2924
1793 2138
633 714
3203 311
3274 3852
1977 698
1727 1980
3889 427
3890 3021
1745 1812
331 2630
2454 902
40 1099
2046 18
1713 1676
3976 2021
614 3679
386 778
1829 839
855 1044
193 2978
1303 1620
2708 1378
3553 2592
1136 3378
3247 3210
142 3403
1710 2390
1138 809
1426 3876
3484 2747
3858 1698
876 2854
1722 808
298 3617
2288 757
1806 1763
3522 3942
1749 3628
743 2230
2287 1774
477 2294
1982 2092
3470 3519
2840 1852
55 1750
1357 325
517 2096
3417 1088
3342 3023
3217 506
2772 2604
1375 3215
1116 1963
3241 3742
2172 3733
942 3669
330 1891
2468 2186
2015 1863
958 3936
3260 1483
2825 2625
3557 2034
3248 263
139 1900
1363 3115
1073 127
2326 2067
455 2016
1203 3514
983 1068
2997 3478
3711 1100
2944 1072
1011 1741
510 3824
870 600
2331 2981
141 641
1640 798
3005 3338
955 2966
2562 1753
60 3563
1746 3079
120 2003
107 3014
966 2763
1805 2995
3652 288
2014 664
1952 546
3765 2532
3953 2547
1102 2303
2267 1607
179 460
694 1818
89 29
2277 855
3014 2857
1074 2406
951 2231
2738 2091
1568 3949
3756 3956
424 1156
3442 1847
2652 617
2912 3951
1964 1
155 3036
748 500
3200 1389
2117 1742
236 495
2879 1344
3109 207
3791 1414
1466 3751
548 1058
820 1686
2469 1609
2358 1163
2209 269
1405 2164
981 237
2485 366
893 1704
3927 69
90 3937
3448 1575
2682 3745
3367 2611
3860 1169
198 3675
1540 1828
2575 2852
2048 1307
3298 987
2435 3380
1649 2237
1094 2051
396 2718
245 624
611 1122
1029 2703
2591 2427
3896 431
113 1493
1112 974
1524 1261
1222 3026
2724 1862
1111 1945
3924 90
12 2855
2031 3524
1427 944
1518 1452
375 1914
1326 3061
2571 2373
2839 2226
903 3984
1877 2165
1482 1730
450 838
1812 2830
2353 3311
459 570
2111 3683
731 3938
745 204
1619 2337
2182 2259
3587 2735
3458 1868
3075 3998
3108 282
1635 3212
3544 112
2063 1638
1051 1404
21 2796
728 737
609 2251
866 2397
1594 1136
121 2963
612 1359
1384 3221
3108 273
2963 3604
3785 1051
3008 3261
3990 3989
2343 2817
1114 680
776 3466
1318 1639
1396 3900
821 1496
1393 2389
2585 73
2758 1086
515 2891
3246 3811
2930 396
378 1107
2822 1173
3028 2824
1790 1700
2170 3562
2964 1601
1685 488
1049 829
3097 2004
3569 784
3498 769
355 1975
3840 949
3586 1709
2810 1960
1299 452
838 1712
11 2746
3702 662
3872 3280
3427 3106
950 2439
143 1181
1231 2519
844 3288
270 439
3311 1129
2986 2074
1422 1060
45 3946
2551 2299
2083 2675
1916 3298
3834 3511
2744 2823
246 354
696 1527
1988 38
428 862
2946 2175
3911 2181
868 1936
1622 2598
1408 2827
414 3181
3474 985
1139 118
1171 2553
3698 1103
2037 2595
2064 2307
104 1210
1650 3016
3350 533
488 1387
1783 509
320 2020
1329 818
1250 3747
789 3961
1063 661
3408 583
3162 124
656 931
3897 526
2203 2856
3134 979
2869 1083
3758 435
3166 3091
1501 1033
660 3597
3520 357
1851 3671
3658 2565
2196 870
1411 1023
3505 1224
1797 3894
1010 1874
2727 588
3447 647
3507 2322
3299 3116
2255 3603
2662 3320
61 574
582 3070
1670 560
567 1736
1022 50
305 236
2566 2037
1922 1130
963 2885
174 477
1495 3842
343 1839
2499 2348
1041 3707
1407 594
643 1001
3100 2560
1088 3409
617 232
1437 3203
2891 2197
597 3058
3613 2151
2967 392
3080 1902
814 3130
783 731
2141 3718
2664 3121
3170 3272
275 51
2855 3502
1899 3625
3452 1381
2978 364
553 260
3315 434
2425 1486
687 2362
208 412
3671 993
563 447
2503 2028
1148 308
3669 1901
2129 2669
184 961
1658 2266
2350 3826
1809 367
1935 882
3835 3977
2734 3218
1588 231
74 3583
767 2689
3705 3186
1389 1146
1423 3259
2678 502
3612 1947
2195 1535
2847 1542
3735 1715
1470 654
1774 2255
3585 3342
144 1628
1185 3306
2431 249
501 2812
3904 2
1591 2412
3935 3068
1726 3035
2732 296
980 1042
1609 1399
3938 2414
1965 1118
1292 158
3151 23
2022 3681
795 2057
953 2851
3917 3192
682 2107
3027 867
3168 1886
352 2306
1312 1178
486 2657
2633 365
929 1417
799 911
749 1463
2155 103
1892 1565
2620 426
95 322
3054 813
3852 3963
819 2764
2299 2313
1079 3104
2369 2490
2322 3483
1438 3149
1028 2945
294 2478
3175 1215
1665 2157
1078 904
3769 1380
3025 635
1324 1734
430 1314
1865 3190
162 2887
2106 429
281 2477
689 3495
3125 2701
3946 1285
2569 790
575 98
3030 945
2969 284
3190 3001
149 3144
3770 1125
1228 3925
1881 2403
3037 1660
1905 3966
1582 1087
3120 80
1839 940
1249 2166
3580 2838
1451 2773
347 581
2787 960
2587 3129
1703 1761
520 2938
627 2916
654 1298
1336 750
2985 2069
1514 3474
856 1928
1226 2840
956 1211
558 1586
2161 1549
1386 205
2085 416
3638 3593
685 1738
684 627
1091 390
3440 3077
1747 428
1500 2942
3643 1021
2032 3768
3247 2167
2071 1513
75 92
607 339
3486 3283
153 3037
97 226
1879 2786
1948 257
102 2500
3392 1903
952 3825
2808 3346
2766 3142
2906 2128
346 3544
1639 3065
2673 1834
1023 375
1223 2191
3554 1312
1825 708
3326 1057
2335 565
2028 2564
2275 3109
3083 3690
2061 2195
2060 1643
1756 3508
2644 2038
1257 3301
53 903
1857 674
1547 3801
1191 3854
1087 1383
409 916
3599 2205
835 3449
3132 2317
2206 966
2109 586
2743 3420
610 496
187 745
3070 3004
647 3297
2625 2795
1682 352
1854 1568
2799 3307
711 1102
613 906
2872 3258
1893 1354
1198 1251
2187 3780
2685 1898
260 132
2622 1084
829 1091
2432 1941
762 1079
3395 891
1465 1983
3224 2232
3375 2962
3341 2573
3778 1120
1926 3889
3231 305
93 1778
1368 3673
2534 3618
699 1837
2135 3473
781 1821
3218 53
2905 2694
3255 2765
3720 3815
923 2549
1484 3048
376 3570
3704 2784
1527 467
791 223
3561 172
372 3817
1751 459
1469 1650
3880 227
3211 3059
2090 3555
754 3485
2988 3372
1590 1760
581 1014
3491 2979
2893 2099
1099 3189
366 3090
3549 1731
201 1149
2216 1883
177 2999
1885 3392
3671 2937
3382 3584
3055 3838
3592 147
3848 3654
231 709
1046 723
1920 2199
1271 2122
1221 1605
2501 561
2293 328
3090 685
3727 843
232 451
1993 3730
3682 1164
340 68
2572 1316
2474 1295
2004 3840
3697 848
1869 558
692 2065
3974 3581
1886 188
1557 1929
194 847
571 25
1413 2504
1371 3911
1378 1147
255 3812
2932 1413
681 2580
68 3648
2102 967
919 3836
2385 3639
17 3794
1343 2022
1240 327
1108 3207
3694 2141
3480 608
3601 721
3870 2527
1577 684
1781 2453
1338 636
2237 1179
3818 3018
70 3044
3668 2572
82 3110
2689 1822
1279 2463
385 485
479 3694
206 3818
1624 3988
3021 3241
3051 1641
1704 2454
3930 2869
2913 2624
2696 544
410 3866
1468 3006
2890 1623
3165 3119
2908 728
526 752
2911 700
859 1923
361 2882
3514 2325
3823 1570
562 3412
3967 1982
1567 2858
3306 2410
2604 3413
735 2249
3593 2364
1914 3435
3283 1739
364 1054
3495 3060
295 2850
1835 1340
2007 3655
1155 556
2862 3040
872 3819
938 2375
454 1371
1660 886
2127 3427
2792 3950
3016 119
1963 959
2310 927
237 3609
2289 2396
1450 2090
3985 2352
1274 3869
105 3647
3690 1560
1771 2041
3518 1585
130 1201
3576 3417
1507 3375
2774 672
1910 956
199 2250
2192 3454
2012 1772
1140 1143
1199 2899
2823 1336
1795 3463
1563 153
10 1518
1127 2875
2018 1635
2477 2518
637 3099
3187 3621
3244 1840
2787 2354
311 2433
1986 2470
580 3582
3240 1658
1259 2948
3987 3775
3393 1896
3529 1278
2929 548
811 1145
3401 238
3650 2030
3673 3512
3865 2480
3792 2874
3436 2204
601 321
2456 3461
2482 3953
3876 277
1598 2445
3388 952
2992 293
3921 2053
653 1393
1452 457
3546 1365
769 312
3857 126
402 2160
302 2187
3940 2457
1369 444
503 3785
1562 3731
3419 398
2668 3303
1201 3199
912 2975
3403 3431
2402 1302
2659 3863
3228 1490
1528 1925
2017 3585
1267 295
858 453
2260 1377
1086 2731
3631 499
3579 1555
843 3387
195 96
606 1906
1224 1108
737 1721
887 397
291 2742
3762 2182
550 2144
969 2229
1844 695
2430 1781
1980 3295
314 3778
1065 1306
644 1133
543 3373
2786 361
3961 2953
119 1104
2614 957
1410 3999
3942 1810
1634 3194
1999 1092
896 3795
2898 1077
1234 1020
1440 3765
2816 1747
3622 2767
265 71
1124 1861
3500 2429
2777 3995
1818 2235
344 1756
841 1986
3906 3752
3472 946
489 2435
968 1070
1337 2089
3985 2878
1711 3042
2171 2626
2304 1158
3268 2298
1700 3921
2627 387
1147 2070
3402 134
778 1543
39 3500
2184 2540
403 2280
860 291
2576 3687
3881 900
1278 1997
3706 1757
3963 1138
3849 1506
133 2044
3066 184
1107 1888
1067 3787
239 1043
437 601
1031 1412
1625 1924
395 2642
1736 1374
2599 751
631 791
457 441
1297 1913
834 1265
2331 3893
1441 2706
247 455
1134 1667
3144 2443
3951 3253
79 3362
2849 3146
3183 2736
1397 3245
3808 621
634 689
3610 3576
1323 2712
370 2559
1213 2679
1597 2314
2751 2503
3730 1379
2619 771
257 2190
227 422
1467 3389
3045 580
3468 22
3128 678
3369 2330
1285 1282
3069 2666
272 7
3558 252
3634 1707
3919 3798
2264 1268
197 2340
2923 1968
2596 1308
895 863
2221 2798
1083 3164
1241 2369
2702 3685
977 3345
723 3849
3210 2087
1550 3206
3659 1255
349 744
3202 2774
1434 1703
837 1971
2215 703
3101 871
3399 3275
1672 1343
1734 1625
1655 1671
1987 3249
2471 1286
423 2670
792 1018
3910 1401
2802 450
3716 3844
2667 739
3506 433
211 1139
857 2341
595 3223
1208 823
2416 1217
2327 1534
2757 1766
3633 2447
628 3757
2594 669
902 978
2717 317
1392 1590
1082 775
3450 2026
3625 79
336 3157
2903 1363
796 2075
2709 3354
2803 1803
37 1170
3353 1223
2019 2402
2384 1855
2078 1537
3608 1681
2586 1030
881 2802
2746 1665
3425 3520
1696 1337
1584 2909
2276 1776
2642 1464
3802 151
1811 1829
1261 1723
1689 1127
1372 2496
1615 2650
3230 3905
2901 552
1430 3355
2631 2355
962 1221
3745 3550
3939 3767
3994 3101
3360 2261
436 2907
3504 965
1953 722
3222 3758
472 70
3207 440
87 3304
1330 2488
2871 368
333 1580
372 3086
2278 139
1175 2930
3361 1801
2426 3089
2179 856
1476 3442
1379 3783
3313 1431
1293 982
2861 1769
1996 1799
3445 2640
3721 2568
56 3947
3352 607
253 2465
3259 1334
1802 2541
3847 2612
2021 690
1024 2517
871 2941
2256 1539
2518 649
3508 3477
1496 3772
2974 3356
131 1132
1828 1554
3752 3517
2701 687
2246 87
3975 2526
3020 653
3139 1438
990 230
3775 2581
2721 2610
525 1881
1782 3200
2691 2870
2973 3725
1729 590
1964 3684
2008 2344
3042 2368
1534 1499
815 634
3464 3915
2406 2871
1144 3935
2641 1182
3883 1948
635 2994
943 756
1874 283
2035 2268
695 2343
435 3633
1803 1651
3995 3013
3362 1931
2552 2660
544 3447
3153 3148
32 3645
3767 484
1252 183
3693 1193
651 3005
518 3631
2054 2727
3346 170
1255 1695
3977 3776
3836 3698
2970 1922
3874 3545
2009 2702
3473 2848
2112 2566
170 3659
2228 2591
3764 2377
661 1225
1043 2914
2414 2177
3332 2707
1167 842
3624 300
2698 2494
1810 2495
1480 3916
250 1995
1066 1713
2424 2550
1970 1061
2163 121
1163 897
2972 2276
118 3823
770 1511
2238 3897
1845 996
1493 2425
221 799
1651 2451
226 3376
3084 3000
3019 1159
2894 2508
3809 3003
3502 1254
2637 2893
3138 374
560 360
1941 3706
2754 777
1807 772
2410 2791
500 3188
2226 182
2783 3521
3308 3264
405 1958
1804 1296
2321 2837
1135 859
2143 827
1939 1364
3708 3624
589 3906
3568 54
3958 1328
13 3468
99 2201
3665 1274
1339 831
1717 1335
2284 3028
1894 1647
3912 2603
3329 917
3374 1796
1100 2217
2755 1338
1349 3382
2814 2218
1522 1962
2169 2083
1007 3878
2706 2024
3780 2752
1520 1427
1504 372
3023 3851
846 642
2407 1183
2227 3892
271 1244
1641 1177
1554 2252
3645 3813
800 2193
1724 686
3760 3421
1184 1872
1487 150
3962 841
3476 1634
994 3809
2174 1456
593 3537
1071 532
2529 994
2876 3141
3566 2253
2554 2843
720 1626
381 56
334 2029
3888 521
300 2744
2687 682
3220 1290
3047 1332
2683 2531
342 3430
824 1670
3893 3020
106 1944
2966 1446
481 1814
985 21
3626 3997
487 1397
1826 525
3796 613
3017 915
2074 853
2099 2582
3679 1113
2495 1206
2640 1443
3867 177
3482 2865
1494 2779
1838 1746
2806 355
3618 143
2793 371
18 1497
1900 1498
373 770
3073 1871
1348 3097
1994 941
3700 3859
2351 179
3751 3784
2124 568
1308 3965
3407 2381
273 3022
3955 3774
2804 1621
3167 2884
480 146
1058 309
2733 2523
2043 555
822 1191
1708 529
418 1943
1595 1003
2490 3832
280 2892
945 1022
2671 2421
1574 3317
1995 2424
1519 1526
2460 1972
921 673
3519 1858
3830 84
1355 3397
244 2990
1878 860
1862 1819
1317 1581
485 1063
1364 2491
537 2140
449 781
3617 1608
1808 1669
1395 619
774 2951
2385 3322
1731 1981
2401 2678
3771 2080
1973 294
3654 3167
2508 1719
1242 458
1347 3302
1887 2401
1989 1536
1754 2627
3457 1422
810 1540
3582 154
268 2521
1831 2513
292 1284
3641 2543
2610 1645
3331 1194
2409 2775
2333 2638
3772 2482
2230 2159
1840 1186
3963 522
71 3137
805 1350
3866 2388
297 2717
946 2296
2982 935
3325 1053
2548 3781
2523 3704
2002 472
2217 2794
3094 1190
2773 646
363 2676
2811 1407
3886 2536
2042 2925
1322 3945
1551 2338
3783 358
2344 2349
3943 873
2342 1385
1490 1561
3441 2413
2497 2620
596 1957
885 3247
263 3534
164 3054
533 2939
1034 2605
3302 2365
591 3294
727 417
3098 1459
3146 2172
1118 3078
2779 2407
3328 1471
1120 658
2857 516
2382 157
2364 2525
2034 3394
3256 40
2450 559
3198 3340
1966 1848
3584 830
2959 17
3988 52
3116 3853
756 2751
1853 3088
223 1134
3355 3696
1140 1270
3469 2363
2833 1517
1128 1802
973 1262
683 3489
217 1684
2875 211
1417 719
1974 1123
2405 1690
3829 2943
431 566
3471 115
2386 3195
3252 3802
3850 243
3774 3481
2313 478
3960 1311
3913 1384
688 3408
1177 2455
3478 2614
691 3465
899 3220
3692 3962
1280 1652
2828 1152
3048 1633
2527 896
3969 3150
585 3602
786 55
2496 2910
788 710
3759 31
701 1988
58 3749
2259 981
2130 1683
1499 3710
880 1765
932 2367
1858 2866
1286 3630
1875 2108
1158 15
3632 268
1553 3448
2051 733
2958 3196
2517 168
1646 3364
2006 1009
2357 206
3837 517
3163 3050
992 2361
1314 3228
476 1453
2692 337
975 3792
853 2278
417 16
48 1047
2592 3312
1580 3620
2079 554
325 2196
2805 2305
2720 212
67 1475
2352 3289
213 704
2186 1372
642 432
648 1673
3412 2815
2175 275
1045 1711
1340 2005
2392 3587
1461 1664
1344 3122
279 333
3018 2512
828 3226
2131 267
1002 1477
3209 2926
3466 1716
1991 1770
2467 725
258 3339
679 783
202 1119
1581 1299
3269 1171
2996 1820
3713 1055
1601 3159
586 2551
1321 1911
3318 382
3731 3285
1202 3017
2152 3025
1757 2002
2076 1266
2859 235
3515 128
3370 1912
2465 734
1515 1811
252 491
1923 2936
3279 2033
765 462
3565 76
1931 3761
1787 706
3959 1241
878 2071
1880 2667
3002 3407
1512 3931
1153 1239
2068 2018
3180 195
3604 2957
3160 2688
3696 875
157 411
1414 1857
2628 551
200 2697
2543 1692
3085 419
3078 1227
2463 1333
2444 3538
391 1474
1523 2748
2606 2333
132 497
1366 2265
3127 992
915 464
2347 650
72 3205
2670 1426
916 109
3089 413
2419 3256
2381 3902
3340 585
1166 319
3011 454
1868 676
1440 2073
704 3714
1429 2757
69 3619
3396 3513
3169 2438
1788 735
1281 1864
1907 3820
1479 2901
3686 1830
3451 2200
3597 20
775 2634
2225 3240
3157 3886
2276 3377
2581 2449
991 1238
693 1094
639 3580
3234 2215
235 2288
1176 1199
1383 1131
307 159
92 2360
1305 2194
3845 3400
2509 1582
3619 2174
2784 242
3744 2055
1394 2179
467 3139
3155 2013
154 3578
3543 2487
228 1768
3219 3438
1733 3720
114 3498
1459 420
1578 2933
2607 403
3143 2649
3868 2554
3314 3008
1081 3209
3689 2318
2417 3135
3820 2781
1126 726
182 3533
66 2859
328 2366
1433 2316
2702 3161
1325 768
94 793
3499 3763
2868 773
1791 1759
3225 406
3309 1894
185 3829
401 270
1310 1180
1541 3172
1244 1959
2961 1956
825 3558
76 795
337 3416
531 3325
1508 2535
1196 760
816 3366
588 639
3488 1953
3530 3927
2380 2058
3250 1965
1137 3860
2705 3881
2605 2758
557 2705
1725 2577
3087 3596
3389 3549
1376 1075
1300 2542
1719 2606
621 1815
1109 1106
2941 2600
2080 3993
2812 3225
2108 1064
77 2594
3761 3176
3107 2749
2756 2061
3980 1052
926 3262
1521 149
3712 1717
1525 2146
2621 2881
1098 3051
22 26
875 3651
698 3027
289 3131
529 3153
3996 3903
2027 65
3077 2708
930 3494
388 1403
1296 2011
3525 2374
3875 899
1192 2673
2319 203
1612 1402
2584 1468
2597 675
497 3244
3983 2674
1172 948
1620 1853
1592 864
2651 3155
3307 3242
3687 200
2960 3024
3001 1277
1351 1281
33 2658
1873 1627
3406 1571
3678 3076
1251 2391
1284 2927
3106 2888
117 342
2549 2760
2122 2599
3264 880
196 984
1969 2321
49 969
1436 3565
3310 1978
1769 694
2801 2017
950 2920
469 2032
527 3456
564 35
761 1448
47 3932
1072 3589
166 1557
1560 2006
3628 3395
2843 3711
1564 2112
583 199
2778 1521
390 883
238 2328
1566 2695
1148 3433
2484 348
3745 2811
3059 116
2907 3446
316 505
1248 1069
1019 3577
2962 3703
1050 2486
1373 2876
3041 1462
967 2147
1056 2124
1219 2944
1681 1672
2314 2102
1039 3422
125 2810
1200 167
453 1749
1573 3556
2491 579
3288 1771
2200 2665
1235 849
2457 162
1382 215
2736 2257
1954 2420
2956 186
2241 2917
2110 2163
2819 2879
1667 198
2650 1242
473 3324
1833 3318
2272 3986
1776 3030
183 3691
971 2833
1489 1405
2404 2459
3058 3066
742 1339
1932 657
1698 93
3528 2117
2470 1559
3929 2077
3831 2353
1758 2442
1777 660
672 2522
2699 3527
1871 1987
3358 3111
2476 697
668 543
650 493
192 1185
949 3754
2815 1151
2888 407
3813 805
3149 618
468 1007
523 2597
1068 3806
2307 796
474 3331
657 3941
2540 74
1230 1435
148 3676
1744 3871
2759 3552
2990 326
3398 2274
1556 3310
332 3509
2547 3480
1732 3528
927 2010
2865 2049
757 926
3297 2991
541 2170
493 3901
2510 2615
2797 3657
3026 824
2965 991
1707 668
1843 1207
3948 251
2235 850
890 2115
813 166
1004 1696
1897 1461
2439 2684
2749 2777
3952 1533
678 596
416 1726
3335 3470
2655 2806
1352 874
2119 1037
1821 3865
392 110
2557 3967
933 3917
2400 3904
400 1884
3096 620
2231 3926
3284 141
358 2462
1133 2234
1656 2602
2229 3043
1290 3789
1584 2556
2900 338
88 1345
831 2227
3973 1433
3343 2285
3954 3990
671 3216
910 239
3379 932
2519 1600
2024 3979
1399 1154
1174 3877
3102 1629
922 865
3285 2743
2940 3062
1542 2867
1937 2829
2204 2399
2580 1514
1003 176
2213 3341
3215 2971
1431 3007
2197 3723
3616 3810
935 1128
3036 2880
2853 612
2983 788
1949 2302
3049 3444
1740 3522
1671 2647
508 302
3261 539
680 1702
3799 91
3164 707
584 1890
1243 1034
854 1791
1789 836
2488 1538
3710 3833
1040 3208
1768 3848
3363 1907
877 2476
2500 3227
1516 747
2126 1005
1870 1895
725 4
3688 3924
2191 353
1921 1622
3509 616
126 587
1555 2162
3535 1779
1409 2142
2788 1318
577 120
1273 2906
3493 1808
604 1773
2270 1921
269 2419
2422 3107
1976 3432
3594 2821
918 3211
1517 1440
1448 2659
2145 889
2666 1458
3167 1528
615 2723
1161 1357
3729 3457
2782 3507
2185 1920
3642 1515
2052 3996
2166 142
1898 1996
2149 3271
3178 379
27 1823
2629 262
2790 2715
1975 113
1738 3724
1720 3251
3822 716
3099 41
41 3299
2040 3383
715 216
1370 3064
2378 3393
995 2726
2084 479
25 2913
30 2691
2020 1279
1743 2584
3661 878
1195 2949
5 1689
2188 1510
167 1400
2095 1916
3455 2788
2515 2663
2464 3922
3521 222
3391 3526
1237 2528
3859 3147
1105 2905
2412 3551
190 2153
1463 2171
1737 3484
1472 2222
3602 3803
3675 3872
3803 3994
2142 2043
2168 1150
865 1432
3511 469
2952 3981
3854 437
3863 2109
948 3125
230 3286
1275 1323
2999 1797
2824 1324
1892 930
3245 705
354 125
1196 44
1320 3666
3816 253
2747 210
2315 1529
1890 501
621 3490
1217 1148
3213 631
2097 2404
936 3808
1142 2740
3337 2762
1659 2862
891 1260
3344 3541
2330 475
1751 852
2634 2319
874 2776
509 3418
3672 1999
1412 2754
630 3405
576 1167
1048 643
3517 3238
3804 3626
3789 3455
348 2713
1945 3334
1064 2228
3794 2334
1586 2247
2094 3041
3354 2056
1901 483
2105 801
3614 2423
1294 1509
1718 2471
72 2578
3186 692
2451 3634
590 363
3462 1484
3174 3678
1165 1646
241 3123
3717 1523
3439 1624
2036 2063
3676 1352
3666 3814
1054 2127
288 1101
1319 2178
3171 3709
1997 3606
570 2027
2011 3182
2669 335
1060 3384
524 537
3446 3542
1062 271
264 2416
3620 129
3195 626
283 1631
1815 2613
439 1048
3839 1876
2086 1015
3989 3766
2505 1494
1716 1196
710 2853
3564 2248
116 1985
3007 2224
1572 81
3531 414
3923 1090
1957 2984
3552 2533
2748 3930
2114 2977
3456 2968
2889 766
3194 1662
2453 3867
2371 1373
322 683
2593 3300
419 576
1576 1679
3811 1748
2660 780
1356 1230
3595 2118
1652 2544
1832 2221
3900 2295
1679 3254
2345 2324
374 1165
719 492
3271 169
2239 1275
1614 1832
1610 1649
1169 1619
1663 667
168 2601
2490 1301
1819 1970
3885 2993
894 2383
2273 1844
3589 1074
175 2847
3104 1444
1645 2768
3492 2072
1016 1675
254 1216
1632 233
3129 1235
1190 3821
3797 2025
1824 3308
2442 2801
1295 1991
2254 1879
827 498
2448 1656
1834 2923
3640 712
1119 3336
3119 3804
2945 3462
203 1503
1332 247
1367 572
3979 3284
3681 2555
1604 922
2643 2570
342 3934
3140 656
150 1552
1150 3169
3483 173
3787 1984
460 1782
339 1806
847 1236
863 3717
3291 2645
3278 1612
1690 1349
790 2653
2971 1573
1664 245
3092 895
1802 1115
3295 2683
1085 465
2290 2545
345 3677
1345 2409
3336 3269
1390 1859
3381 3363
1103 290
3266 3699
2998 2400
3667 1353
100 1954
2657 1012
240 1267
483 659
3899 2283
920 3337
442 648
2103 33
2725 3735
2180 3762
3262 3246
782 717
1872 3361
2880 2468
2251 3959
371 2721
2466 3868
3338 2652
3208 3972
1762 1849
1025 989
3908 95
2672 2563
159 833
2193 181
2846 3912
475 399
516 1613
3405 2734
3603 3592
545 3047
626 1501
652 844
2897 1614
3424 3554
2995 2256
1197 1785
2821 97
2877 2458
3540 329
3844 250
640 582
1702 144
1654 1263
2240 3797
315 19
2265 1016
3061 2567
1631 876
2243 2631
897 299
2582 792
3182 2047
3965 2143
2003 57
368 1304
3270 720
970 3083
138 1792
3997 3034
341 1596
3815 2530
1131 1205
1613 1838
3572 1098
677 2359
3526 473
1162 3296
2537 1038
1959 527
2274 3791
3562 2481
214 423
3664 2356
2434 1396
9 340
3609 194
917 2576
953 1326
1179 1733
3289 2289
3006 1525
1247 1661
3443 1845
909 2469
1697 190
2177 2180
3428 1041
1211 1006
944 2778
3882 3404
1934 408
1215 3414
3748 3575
3184 541
210 2485
1291 3958
850 2125
3536 1869
362 2392
321 1478
974 1507
3226 997
1928 510
2280 3487
2636 563
1735 3670
3056 3198
444 1111
519 2506
1035 466
1026 2370
1884 334
19 3292
1270 2116
3475 1112
3894 571
504 2524
491 2114
752 1524
134 1798
2446 3843
2016 589
123 534
1354 1825
2292 395
3964 3974
1164 1918
1526 1562
1715 1264
2066 2954
2033 1504
1636 3680
2776 1153
2370 46
730 2583
2303 2206
1057 807
3378 1784
1917 2900
1891 3943
127 1253
2832 3071
81 3702
1867 34
1037 409
3534 970
1712 359
1895 1454
145 456
3410 765
1798 851
801 2260
1813 2119
2546 2505
3630 1121
447 3501
3043 1795
2926 2958
3479 2733
2360 2293
3429 1908
3503 928
2645 1229
884 2628
1637 3469
1485 2671
2429 2651
3825 1341
306 3276
296 3053
3747 3175
1863 1031
140 3472
623 330
38 3954
3031 197
212 1677
91 3222
1362 3057
3296 2648
3206 2169
2366 3183
1946 3770
248 3391
1942 3201
1705 2492
2761 64
569 3492
3945 518
1491 2883
367 2915
2164 3263
2882 2335
972 826
1380 2239
3088 3987
768 2807
705 1520
2207 2203
3981 3118
2526 332
147 1946
1076 523
3242 954
2609 1544
1069 316
404 2297
3714 3641
1947 3293
3040 1807
3737 229
2795 2903
1537 2895
3925 3471
3914 265
3015 2380
1101 1292
36 3
2845 1934
1084 2834
3081 2728
3607 1976
2827 3120
2023 2836
667 1089
3600 2965
318 3614
3611 913
1017 3976
539 2808
1936 3450
840 2233
3905 1370
1454 1256
687 3177
3444 3816
817 938
579 2145
1938 2292
3460 1588
1021 2672
3755 2245
2271 2932
1095 637
3680 2046
2785 1388
1532 652
2317 3069
1125 812
2553 1027
3411 133
2661 3855
1327 1935
421 3734
3864 1591
1113 1096
1723 2456
986 3530
1668 1574
3684 1232
3920 968
1773 3726
2936 3011
1388 1824
2000 58
3605 304
1992 9
724 2992
3853 2868
3035 1455
3067 1204
1925 2272
904 2483
2433 1854
1985 2440
1478 3515
3316 3114
3657 67
3323 1351
1362 3233
1444 2023
2521 2998
2693 3467
3084 225
1359 108
2800 373
1906 1140
2764 217
2504 630
422 1010
1227 1258
3862 3140
2305 1322
1400 1833
1477 3599
3152 1327
2874 489
2479 1315
1836 11
3263 3777
1342 3072
2703 1026
2830 1246
2704 3443
911 274
2138 2446
1618 1488
566 2436
2829 2460
2916 1476
3842 2538
2513 1240
6 2168
1896 1347
839 3595
2688 2192
3746 598
2902 1508
2854 3255
429 2007
2089 825
103 3365
3861 1790
312 1708
2072 280
482 3540
3884 837
165 934
1531 2216
618 1491
1432 1250
2047 438
587 2641
1288 786
2512 2066
3527 2351
2658 1547
1277 3721
3581 1831
2648 3171
2542 3424
777 584
1001 1599
625 3713
2413 971
2924 1465
163 3846
1027 2820
3828 3548
1971 3080
1918 1320
2860 254
20 2803
1276 1705
3548 1220
2300 1699
1861 3094
3537 2267
1360 2861
3416 3049
2081 3452
3701 1358
703 2716
2375 2934
2933 135
2050 1743
578 540
2139 1065
1661 755
1978 3105
2244 3807
1763 3607
3276 2996
216 894
1089 1416
137 3010
171 3202
674 2502
2316 264
1911 3305
83 3496
2613 645
2813 3031
438 557
3477 1674
844 156
2041 1880
3513 2719
380 1117
4 2546
3786 995
3739 963
2927 385
1157 3632
2617 2212
1168 1780
478 962
160 879
751 10
2522 2919
3351 1878
3286 1447
3050 3504
851 292
2452 1078
3728 3689
3663 2741
1533 3178
1692 729
1583 2198
2010 1783
547 1449
2312 2103
2684 2329
532 2208
2337 2236
1678 3386
3777 2804
2116 1428
3907 1604
3726 1606
2835 152
641 1657
1822 846
1055 817
3782 287
733 3046
1909 3369
1649 105661673
3417 624636825
1710 584727580
3187 152431465
1379 326487753
2088 460445728
1468 703209248
3929 168006553
2415 604433745
1125 240464625
650 698434700
3406 772272924
1073 422687593
3540 231357120
2552 322365920
1228 654830688
2751 702628849
2734 618900508
966 345421724
25 40332825
624 253059648
3851 962989849
298 684937868
504 376668128
3954 375722828
2529 397590153
900 450019200
3889 891019113
2014 588760988
170 737566860
1441 956163849
3375 559612625
1729 727569353
2536 181595424
1794 833544268
3834 652180108
2108 859640608
2815 40760945
3336 712779424
3818 762859148
3698 146587468
3682 338235980
526 375229724
2034 921855308
829 752125953
993 577102473
3466 960771724
1800 238858400
2935 600265505
707 755872905
511 64744049
1001 624473849
1759 892586033
2878 657349788
2658 358623308
2974 837134748
1820 894310560
2698 652643468
3223 529252193
3233 625428233
1735 676275905
3268 634040448
122 877714060
241 22095849
2501 168588849
2273 272160393
2721 694941449
2438 59401628
2553 124449113
939 267245913
3791 729272849
173 680872993
1069 685781793
290 688748620
2953 188310713
2362 3852940
1573 55284593
1299 819996073
16 101516224
1421 841956449
2123 716368793
857 636151705
2425 907304025
557 218339105
2863 41439953
379 891461753
2176 253236224
126 913005724
3494 491149468
3154 6622028
2341 802004849
3072 391848960
1022 880328860
3748 604487168
317 151194625
1423 432302993
554 526284428
305 618069865
656 267455424
649 557695673
3842 909236300
2244 193891968
3885 499683105
3086 950896924
3918 988427548
2812 617783840
1487 196098065
1445 35203185
587 218426265
2196 379685824
2157 66886305
841 247169849
3941 216388849
153 591199513
2278 494367388
3601 795399849
1253 971708913
1008 352390208
1158 93777308
1338 555865228
390 860075420
1195 96996185
1507 855746505
2977 29115145
2764 83195488
3251 293583849
2665 299850745
3893 834421073
3691 706053849
2490 979758220
350 986598300
3813 858912753
944 346959168
3376 758588224
2546 234453324
3587 461632265
2932 755804480
65 360223945
3340 333063520
2494 838093468
3487 322502065
1413 860735153
1512 927166240
1397 523083985
3904 525366528
155 679092665
86 403056924
3942 944697500
1848 198713568
971 83191449
2575 499822225
2476 323104224
2403 395533513
712 810804640
994 587259468
222 379791260
1433 454283033
3035 111861305
3945 336648185
755 491471465
2549 123141073
2779 460484153
2693 971780273
3794 490856268
2353 339838313
356 448199424
1043 352501673
3158 507905308
3234 924818508
3326 77357724
1945 434492185
689 100471913
1679 460785553
441 265573849
2892 503202400
2679 254411553
1693 120446273
3805 606812865
1897 823444985
2327 120949345
3486 293568924
1842 856212300
1424 279232448
1547 579989785
2178 944806988
2964 106634688
1684 205750208
1160 534955680
3645 300214785
920 31275360
853 710807313
2285 654630305
1789 111312513
3868 245490848
2058 739744908
2650 924610700
94 88519068
171 350831449
1074 193174348
3592 375920800
795 331724985
181 381204049
377 345721945
2015 827626545
2777 294958745
3242 562089100
482 78101580
3475 252576425
2246 578023324
1860 610161280
927 195354545
3177 928151545
3061 482628049
1187 499227465
1123 214574793
3113 198520953
677 540946545
252 613452320
370 22512460
2576 95500224
723 168017193
362 151948940
3547 201033785
1015 771008545
3962 756736140
2359 471977633
1295 891363985
3149 656360673
2983 344687233
1303 300694113
977 107151145
3026 456379724
1777 97376745
2623 13015793
606 146816924
110 84234780
3985 902868905
446 430023324
1808 44841408
3448 761663968
3922 934307660
1245 364027585
1935 751407505
416 382372224
2489 351434713
3947 103802585
2656 543095424
2971 955691449
2347 449847385
1196 76985824
245 481349585
1621 58226449
962 376280140
2042 319554700
250 831759500
2717 506863425
3180 133142240
725 590609425
1137 294149865
2668 506510048
2824 172914848
76 151600224
19 103917993
1113 155372953
3276 656432224
1567 644584625
2539 35159513
2635 312798105
3216 814924224
1483 320366233
3393 420304073
3215 136608145
3126 955485724
3981 261950049
1930 703769740
2854 798339228
2564 224636288
176 934716224
2898 221672268
3317 55580625
2927 705118545
1969 551577193
2558 652426908
49 207476073
708 897851008
2886 26880924
3121 435801449
2456 973571424
2018 751247948
2672 931780160
2572 919812960
92 210128800
891 791241849
2072 478276960
2991 697680849
1568 460107648
1485 189223905
2385 398296105
2191 304168849
3568 254275648
351 810604849
3670 528664860
1974 327518748
2455 518388065
1896 656065824
897 253222985
613 470835953
2261 858284049
2540 388689120
771 402781449
3428 651999488
1576 226440224
1045 857731985
3365 467583345
2776 763952224
1664 401509888
899 683249673
3431 838594049
3161 746161049
1419 389626393
1716 599964224
1601 729179849
813 820990753
3076 575780224
2861 79222049
2542 199260700
2987 245151065
1899 261715673
1701 390900849
1030 932656540
3719 612400193
2954 826546828
910 15441180
1593 62022873
2881 912143049
410 499287180
3395 94907785
3094 735287068
1475 225100425
1595 521787385
3758 847303708
1849 709894873
3533 952382433
1727 20700145
143 221981073
1090 213523020
85 722642705
42 105730700
1145 90269785
537 137008665
694 50032668
477 702910145
2978 495450188
291 442507849
3298 854369868
1243 57148473
1042 651642700
2049 479008073
1107 976049705
1154 625470028
247 918001185
1037 664909665
3199 976111473
2894 604675868
2171 628131449
2819 754454793
1812 775931840
1224 525369248
917 764231825
2696 76785824
3323 759561593
1826 682267724
2528 423605888
1446 641223324
489 452542713
1329 881838953
1665 563932745
1682 604251980
2128 60484288
3870 699010460
396 602665824
3819 247160793
2416 679452224
2451 42695849
2517 987051025
2103 965937313
2661 840696049
3879 447802753
3469 80836193
3320 752302560
1239 857439713
1002 910663820
1749 387168273
3123 340162793
2720 96165760
412 322299040
740 659326720
3013 554773553
1962 714432140
2743 597549473
123 834780793
3181 603814049
3617 886409225
2486 673488924
29 688025153
846 419863324
3458 492114508
1788 670378528
680 965022240
3074 914806348
337 414388265
3426 700123724
3073 136075593
3816 897768224
1233 593000233
130 500363340
3044 562176768
3270 682613660
1597 119568385
3961 338345049
2366 196077724
3390 167179420
2970 730885260
1369 936733593
69 528575793
3442 179591500
2621 612776449
212 202728640
1179 109722553
2560 705146880
3900 63783200
3952 125510720
868 27438848
1495 603759585
3891 793711849
2584 103072608
1839 150767313
1087 349377265
2114 270720588
1583 833447633
2431 945224049
731 686485049
3674 246455948
3646 815303324
3696 562485824
2282 93207180
408 814291808
1660 96859680
1920 196303360
2299 47262073
3878 893253788
457 828174905
3203 688136713
3333 359859633
2602 694075020
6 2944924
553 697941113
563 534059753
2519 210432993
3652 630421120
3638 660710428
1958 280868508
885 571409105
1051 201521849
1376 547268224
886 855120924
2798 416547868
2252 558516320
1172 80372160
3047 22785
575 891946225
3973 636310193
1952 165646720
787 147146665
3038 618096028
1762 317041740
2630 500733340
2884 477473408
2663 1265153
1976 79424224
1004 586556128
906 775222924
1279 697495153
2496 474285824
344 767145568
3119 669456593
1460 748438080
1891 336731849
3596 328425824
805 667818865
1961 304285049
1591 740274849
2338 443889228
664 291713888
1265 23725545
565 915332945
1236 569951424
2684 519986208
940 414180320
2392 402146400
68 434731648
2729 727295353
3641 584901849
3391 883716849
429 390315553
2413 557909153
1278 853663388
3732 192838080
1795 481502985
2758 106039708
3919 923141393
1746 308373324
601 379069849
1434 646253708
2198 451421468
865 143038345
3556 646343424
1155 190790665
1472 508693760
743 604681473
1162 114150540
3507 147030505
833 365074633
3201 263115849
3817 313061625
2595 969165385
2399 96698673
216 659504224
3951 52160849
2847 208158385
2137 853651865
3004 731108128
1340 418527520
2651 108097849
431 524484049
3913 832420153
506 686454924
3993 840904473
968 537017248
2265 110843545
3772 783939360
2890 539745420
2335 396310705
2969 540583193
2585 9287705
3399 858164673
736 881911424
1594 774653068
3075 728041225
2986 468278924
3740 294530720
1269 811862993
188 55460128
1275 529192825
1280 575831040
3112 74129440
229 956730353
3349 497193873
3984 690883008
1726 719021724
1611 168497049
3087 178181265
3463 151244353
1584 201036608
3725 540323425
2664 633305888
363 390004953
3637 421654865
3779 788310153
121 955151449
3874 20099148
3681 580999049
197 406657585
2681 657129049
1588 16433728
1982 163239580
1783 983270433
1257 103648505
568 746023648
2276 901972224
3565 886486945
318 836565148
2463 125970353
333 257617633
2586 950006924
3615 891975345
2009 911995033
154 617894028
1634 573240908
1618 229014348
2646 535703324
2726 206381724
2107 411891705
2317 632118625
283 378549433
3685 816971505
530 169182540
2183 777556033
3832 682957280
1386 352310924
3756 122707424
2532 526567680
753 998631913
3508 900550208
3666 362939724
3384 592541408
282 900823180
2808 870205408
945 666414185
28 974345888
2571 462151449
3527 773207745
1578 513064588
332 54685280
1805 858816865
2254 494713628
2799 706645073
3957 9821905
2292 505595200
3196 804385824
1383 848504833
651 873677849
950 781251100
1409 198223433
3576 86560224
942 811561500
1639 554778113
306 889390924
486 799328924
3108 921604608
237 114908065
102 982245020
77 521477345
2876 660008224
3050 748405900
2163 622178153
3884 738109408
3100 272752800
3025 333846825
167 104797825
38 663824028
3577 220864345
1780 385055040
2591 171164849
529 168938153
3897 329888985
47 434456785
3543 11336673
2323 311367593
2296 36665824
3185 831542505
2956 206531424
474 291844748
2957 948279905
1810 341378380
2524 872710048
1582 500362780
3600 832996800
1636 862343424
463 441422353
1099 669182873
3396 983965824
2597 575190385
2259 439029033
2473 990819193
3710 549543580
10 28323980
1623 450221793
320 310818560
849 337528873
3145 397225785
952 868714720
56 999923424
487 315896065
2944 996871168
2349 941827873
818 163107148
1542 470348700
669 928259393
146 370453324
2588 934957728
2889 109773113
2316 973008224
629 988780753
3731 710395049
2742 239683100
3590 106693020
2028 72753888
367 687270225
3214 492796188
1112 39225440
2667 736452825
378 101339788
595 196409385
641 673931849
3528 216809888
2904 182290528
698 30755468
3184 222854208
3711 307400049
973 619828193
1832 712373280
2249 413001273
1 747563849
2947 83480585
1175 743069025
1708 189015008
3502 896993820
3308 828637408
3364 648153088
2686 267744924
2556 737723424
3033 280225433
2409 878909433
2513 954336553
3668 876794048
3988 745851328
2641 825911849
3963 209631353
1787 263948665
3082 386800780
3066 651075724
3863 715513953
2099 72048873
3545 37176985
2138 336524428
2204 494727328
915 92056745
2940 31116320
985 737994905
632 444262880
3738 812082828
1477 541892145
3669 185477393
2654 865584028
609 221514633
1983 297973233
258 786629708
3967 366253425
3345 634761385
2428 270995488
3597 152812385
139 840409113
594 953397068
1603 741010313
58 394016908
1252 24984320
866 736667724
3453 695587713
3034 678791308
2697 847462585
1799 418379073
157 905002305
1018 182263948
3706 863158924
3773 681051393
919 574423393
1941 347208849
2000 867576000
1354 321625228
2085 290958705
3581 103122049
505 514309465
3555 236625865
3036 579435424
480 424512640
341 123224849
1402 617236620
2136 405283424
1131 146233049
3914 594613388
1080 540681440
2488 757615328
55 354632865
837 530089265
3658 687687308
3480 844556640
2989 902407713
2071 272676449
1251 112763849
2901 546712849
3058 595608908
1304 7128928
307 195216105
540 69353120
1911 789686049
493 139885473
129 301767753
2336 710999424
2422 854149660
465 921871145
1692 991908000
3001 744293849
3837 864795265
1331 123427049
3563 480481753
2961 260315049
614 369426588
1096 873425824
1605 890857265
744 988807968
1916 559432224
581 934112049
1348 249341568
2968 384785248
3860 811577280
174 397649948
3623 697809793
1501 108678849
3341 324394849
596 473925824
3309 715836833
1890 376377420
1293 134072673
1457 584716905
3239 939331713
3809 956829833
1129 706293753
414 283327388
3311 593748049
148 975288768
2175 459207025
3443 690343273
3186 474734924
519 64220993
128 137676288
3098 955581068
1208 528183008
2209 813012233
1984 467211008
2644 548274368
3739 536054713
1341 401614849
57 679718105
510 720077980
831 489592049
1608 374408608
1327 778267345
1242 455465100
430 940147740
3404 338578528
1606 17536924
3163 410852153
839 819621313
196 896285824
887 173336865
3157 830828305
1856 254279424
1719 573388193
1830 897654940
1838 984627228
427 394163545
327 557585345
3741 87510849
2607 675562705
3081 332037049
1756 778667424
2267 944148025
3835 688547705
3959 605075233
2222 77535260
3986 149358924
780 797107040
3103 507291313
2791 351982849
2293 336606673
2997 911599185
354 489649228
580 174157440
3434 335725708
2629 41832753
3231 130160049
2505 545105465
2038 844672028
1678 815304988
1815 686542945
2228 89434688
348 442097568
310 319716380
3542 50172700
1153 94653513
3351 135434849
2924 688756448
51 118511849
1695 481035185
189 289798913
2752 371032320
2616 216000224
3726 815741724
3306 157750924
3761 192979049
591 431384849
1956 771111424
2502 210961820
1648 495304768
1333 503031633
3979 148515353
760 827392480
2008 880154208
2096 763925824
1922 221763660
397 13861985
3526 364109724
1633 480445833
1415 899015745
360 779349280
1215 252572145
1350 802086300
40 815769120
3872 290546560
1234 884146508
3167 154283825
225 705740425
2304 755004928
3472 511437760
1818 907691148
739 413216713
3771 921331449
1936 264447424
1948 112247968
2783 205584433
451 457075849
3776 579412224
1669 558665393
2055 675628865
686 744784924
345 384127385
918 152075548
3634 911512908
1537 223310665
1041 985287849
2482 919285580
1157 424944305
3358 456158108
2543 656302673
1718 547742748
1859 719434633
2470 969071260
3484 339215008
2277 180917745
3676 312376224
2387 512589865
2837 297893265
2917 191555825
1024 936386048
673 458569993
567 434622625
2877 641426945
2062 974957340
802 304697420
2614 298818588
1624 197975648
1392 291534400
1712 118456640
621 625676449
997 824755185
1026 130459724
1986 909198924
2098 934837068
1463 222696353
3318 253317148
728 983278688
2873 922776793
2722 328221260
1977 7133145
2769 13021993
1886 880000924
3524 649426048
316 500328224
1325 812712225
385 356780105
3222 609407260
3974 468750748
2430 352643740
3864 752501088
3049 797774073
2928 446247488
93 132071873
2689 648163913
2778 860469388
17 401146025
3783 549898433
3368 132898848
2264 245947488
1602 717843020
3995 920454585
120 67092960
588 219909728
2069 964987793
644 371562368
2424 521748448
3438 481625628
788 49454528
3859 912606633
322 923088460
767 346855025
1406 313632924
2224 943485248
3839 179059313
2426 327363724
1447 281747585
721 883441449
1260 564896480
838 157603228
2434 929989708
3002 38727820
1185 194826505
2867 379925225
559 185562833
3492 984729600
1422 619877660
324 673374848
13 409651553
1674 578423948
213 265166353
1347 24725385
3538 550558028
834 854572108
2220 349601760
640 843729920
2162 276702540
1262 44915740
453 109425713
1997 807177185
3532 336259680
1707 542914905
2922 517035660
440 336196320
2682 910243980
1471 5566449
1323 985173593
1587 510828265
3544 7004768
783 882956433
3273 514254393
100 551788800
3953 233364713
3290 759252620
3605 990053265
2365 846265345
2318 325733148
722 508477260
3422 210421660
851 455159849
3321 53551449
2841 47949849
1219 139885193
821 182426449
3360 715473280
1273 152066393
3467 299622425
105 886710265
1346 834613324
623 9427793
3823 529408593
2310 742932380
938 154815628
3612 659105440
1428 11991488
2301 226846849
1706 931318924
2281 641741049
1698 280699468
2329 232764953
889 913281113
518 443521948
1148 958132768
329 652912953
3014 263256988
3335 893968705
136 416523424
500 171144000
2461 767050049
3041 434867849
876 570688224
947 408836585
1600 775020800
3977 173097145
1972 713629760
2257 157790505
3978 143554188
1429 31441553
1464 449790688
3299 396528073
3437 143394465
3148 289820768
3350 799062300
3760 709916480
627 190979945
2133 267202833
2464 857186688
2011 79189049
1947 185158585
3688 606244128
992 601449600
3128 204888288
1184 594382208
1757 115469505
1396 607765824
836 937079424
364 662565088
39 722544513
957 191195905
1970 237757260
2973 508816193
2355 245868265
2051 406531849
3312 584459840
674 427407948
1690 838343820
893 807219073
1907 394963305
2412 586403040
119 213538593
2731 580425049
88 867397728
1166 686589724
2305 65865
2748 904443168
1086 130336924
953 464202713
745 407438585
3504 93496128
1612 502201440
41 943497849
1765 52034545
3836 759419424
655 919691665
3255 182466465
852 565731520
3594 783165068
3377 992067945
1232 336358080
191 861988849
1554 182660428
50 645741900
3650 220698700
2033 27411433
1480 775860640
2786 626702924
2506 725494924
2165 416641745
2314 758299788
2548 459074368
2475 177838425
2211 781855049
3229 772908353
2101 449984849
2467 257860425
3877 373208945
1894 424819868
1290 256916620
2450 760033100
700 728141600
1772 307995360
1066 995395724
3944 504827168
34 773983308
937 76889465
335 766994705
1866 679107724
1142 532943900
145 619791785
3478 304252188
2526 579149724
1626 796995724
2423 170696993
816 322748224
925 833097025
3586 982286924
1901 838002849
3427 658809545
3109 907979633
2835 129889705
2060 288342880
1790 586750620
2794 601200268
1637 58650865
70 656924060
3182 108989980
3129 881345753
2676 909116224
293 53538673
2966 176701724
3678 516312988
1532 838875680
3999 493604273
3763 262616553
751 643808849
1104 352193728
498 275406668
2826 581827724
1250 235047500
729 849843353
1668 258226048
1315 55183945
3810 130594380
285 437514305
331 886257049
3488 385939328
3777 614540745
965 301380145
715 857813145
3452 839794720
982 742647580
2328 159605088
3307 975942105
3902 725566620
3287 167901665
3136 582663424
984 38375008
1110 910442780
3153 467561513
3574 921464348
1994 57315468
2708 602179008
3514 146254988
3106 52366924
3489 483880713
873 858188793
1775 78111825
3095 238604385
1667 992290825
79 364743953
2916 829972224
659 517771433
995 631920585
3936 92407424
3471 66449
936 33467424
597 785946385
2979 996289353
3566 641245724
2251 142173849
1915 736474745
3385 102054105
3125 382540625
605 524259265
328 587997088
3938 238487628
943 62008273
625 531195625
1819 383748793
2999 258938273
2087 702779265
1617 688285225
3793 869157673
1887 702338865
3747 569978185
54 743846428
2238 869596828
2483 306080233
2080 365229440
1361 309227049
3135 664677105
36 649895424
2484 727379008
2193 30863273
2302 368395420
3998 798560668
2124 716183648
3093 266473873
869 724580593
3357 878256705
1607 178720705
3862 713030940
3277 439499745
361 948397049
2790 337918620
3759 261358033
1292 807183200
151 641322849
2939 875937913
935 24549505
3838 4675228
2703 196109713
2788 413302528
675 430750025
2287 868099665
1380 655235840
2714 228098188
1367 72832225
1508 601022208
991 660300849
384 359633408
516 305636224
2871 270476449
854 890387228
845 516316385
636 867963424
1699 616262473
514 305766988
2050 925517900
2992 647073600
2601 201289849
1505 468707465
3583 751275633
1926 686733724
1525 549839825
3244 816447968
2864 574305088
141 962186849
987 240747065
1981 63010049
3416 10992224
541 449142849
1730 132760140
2925 326373025
1328 312801088
3992 352885600
1883 620011833
2043 524535673
1647 919451985
1509 380802033
756 289647424
2074 992990348
334 495054108
2500 160720000
2352 438579520
2561 783263049
1407 573992305
452 765998720
2046 346503324
1713 937077353
699 862196473
2611 681827049
3372 169710560
3096 776425824
14 605768988
823 367826593
3579 592984953
1405 87777665
2943 703676273
685 361897505
975 294481425
1827 434358345
2262 619667740
762 803289740
923 608855993
1271 912956449
2801 390351849
1732 46654080
515 788449545
3334 109662108
1194 151510668
375 937998625
2512 532418240
2029 794677153
1946 292573324
3803 638829113
2525 708677825
509 409916033
1558 857562908
1861 535392049
2577 725682345
2719 531894193
2357 289914705
1174 487665948
2753 73939913
3843 221636873
2401 177107849
3238 467420828
1201 494495849
1410 562095180
125 852426625
2825 360119225
1036 171075424
3435 570444505
1358 393230108
598 132471068
1494 307037468
2674 851439948
1996 189385824
1892 331590400
2659 818143433
859 305848633
2182 741997980
3840 387947520
1452 1930720
3068 759983648
2716 46104224
315 883965945
2704 208315328
442 229455500
1824 281598848
1305 748067865
3212 308684640
1493 44819473
3541 123512849
1803 907321113
2212 818032640
732 656562080
3362 112804940
2358 363694108
1082 599216780
3510 511101980
89 651324313
1126 805165724
3770 93227660
2949 980407473
280 48883040
2569 650340793
1645 871258785
653 327676513
297 689649785
3521 836181449
450 182657100
1320 2646560
31 218896049
418 619433548
2541 776722849
2960 380550080
1207 134143905
2757 230611505
1906 882542924
1811 541403049
2189 715490913
3460 652254080
284 890779808
2515 901685545
1474 618460748
3625 244309625
1083 680240633
3213 883488353
365 969629345
3029 31003153
3474 637692748
842 12700300
2110 858650780
1479 996700353
2567 976546625
670 759080860
2810 174986380
420 994511360
2639 183524113
643 437848073
3642 961973900
3042 109466700
2706 336238924
3262 316419740
3802 706593420
3539 373705513
572 336668960
204 945375328
1470 536943260
668 131942048
423 815908993
2914 210317388
1589 556543313
1985 670952905
3982 370423580
3700 868705600
253 56054913
1663 273591153
772 753023360
1414 362623388
1521 429481449
2006 919984924
2197 898301585
3245 495383585
2395 349929785
3296 873565824
3632 743938880
2217 516482425
2125 750502625
3493 220687473
2962 174584140
768 559080448
1059 258805833
131 733463049
2895 207168785
1313 917727753
72 17132960
3553 520703113
2089 252616313
1522 657814860
3204 952403328
1933 828840033
1536 477415424
3115 550816345
582 728570780
3305 374063865
3089 736262313
2384 392905408
855 104471265
3764 849191488
1067 524353625
1401 529397849
3976 237144224
826 904707724
758 989511708
1659 106957433
1387 922587865
2236 37531424
549 729609073
3766 125853724
2390 942811420
3762 710545740
782 153169180
1989 830961713
1246 69223324
777 21794745
2912 728679040
2636 978723424
3672 318552160
684 13514208
1355 787770265
1650 750522700
3237 30014065
600 929032800
1978 969346188
1740 82394720
1183 28442033
3589 523835313
579 448706953
881 781603049
1843 160368873
45 799453985
2570 38994060
359 644805633
3828 158561088
1715 677831145
1722 857349260
1653 892130513
1744 428363968
1539 818613513
1776 70492224
3224 483601248
113 816798953
3373 265173793
3644 819630368
3102 727941020
447 566425585
901 251292849
228 342226688
3496 135585824
2993 630970473
2039 911636513
2497 344138185
3019 323235993
2982 705831580
2615 240157345
2725 435085425
1657 230665305
1834 665108108
3559 82520833
1033 896597433
1656 344275424
764 917203488
1200 341985600
1991 617990849
1451 188885849
3609 736772633
1792 641139200
1217 627220425
3424 886264448
1193 240529273
1913 194072153
1702 829976220
1705 354227065
3757 467753505
1806 886320924
551 144766849
2608 375372608
3172 609916160
1297 786671785
2315 348401945
3907 983847305
3067 188277625
118 394488348
1691 897873849
242 85153100
713 125303353
2842 821724300
1070 318252060
2300 119802400
911 161756049
3293 661140673
2097 832129385
3628 822840288
1498 700950668
383 396990833
1444 463687168
2875 713093625
3425 775942025
214 362108188
2754 811351628
754 727799628
2109 341893633
2443 747509273
2926 998493724
3051 733541849
248 188083168
3910 752865180
1927 889236545
693 391112273
1526 916189724
266 949763724
455 899792065
1681 855259049
434 484517708
3846 365863324
733 661143233
3403 173487513
1964 638238688
748 870355168
265 58607545
560 220930880
3515 141303545
1418 715217548
3138 522148428
3801 808861849
844 647273568
301 877826849
990 753656220
3775 578787825
158 69713308
930 497521740
799 252113073
2020 539516160
2056 329163424
1458 604786508
3495 796115585
3171 449781449
3175 297345025
1736 288491424
704 536963328
369 542927593
3715 683867145
3010 636347980
2429 794567553
3755 812165465
3024 245818048
3274 193809548
3797 562976785
909 903630433
1966 700061724
1399 457232673
339 199798313
2713 870851353
1307 333458105
1151 136532849
679 789159553
2223 493258193
2248 100171168
74 515358348
1566 863565724
286 18752924
1098 36093068
1014 36264988
166 629549724
2368 999214848
472 190321760
1912 474627040
2773 377957393
1411 960471049
1016 540256224
1987 181949065
2031 342036049
1791 96692849
2594 717909068
3265 319961545
3598 11703068
815 454324945
2804 674692928
3591 724054849
156 774795424
3790 211086620
2766 351613724
276 759052224
2587 925230265
2865 141674345
2984 18047008
1261 787654049
1973 503322193
201 793185849
2958 724532508
3133 932216833
3866 929987724
1055 454130865
3220 873229760
3020 238744160
3975 335695425
3723 92999193
2872 79374560
1944 610915168
874 727851148
1769 848415993
692 766696000
1322 623160460
1728 356882688
267 875424025
1620 413984960
3389 485146113
2229 712182353
1171 928481449
3629 751358753
1953 265256713
3560 630254880
2216 307784224
2814 198597788
2286 244112924
1574 77832348
1382 416244380
1287 690297665
738 201610828
1353 889984313
106 257206924
610 982088780
2449 511874473
217 859958425
3552 214497920
3730 262456140
2690 177311820
3137 535153865
1577 352500345
3714 787994188
111 627252049
1872 990202560
3327 585631345
159 268928433
103 249229313
1274 823377548
996 711085824
2915 502892745
2550 821711900
1909 523316433
230 605738140
210 181365580
8 946626208
1466 7491724
399 939766673
840 516143520
3529 694916153
149 829462673
555 389131865
2573 411978593
3848 301201568
1249 391835273
1685 58255505
3677 897092545
393 576102073
812 56079840
2208 880347008
3633 810473833
438 580953628
3827 363722345
963 316809353
2792 400551200
3209 791298233
2869 756192593
2144 958346368
2334 116126108
1057 787460105
3269 141074993
786 279342924
785 446043305
448 737331968
3871 977526449
227 762227145
3599 905097873
3462 950410140
3752 87564320
1093 388205873
152 599009120
177 755005545
2813 390938753
2744 989919968
467 540336425
3007 28459505
1412 393351040
3994 363427468
1877 31644945
539 724067513
3284 887087808
207 408101905
226 216731724
1465 711389145
3968 991669248
2005 991656465
468 401325248
2397 154305985
2985 725910905
456 346731424
3491 783275849
1992 63261600
1324 381690848
91 322689849
1335 20652705
2545 673898985
672 524236160
3476 901964224
2172 284144160
3737 122615065
3429 679693553
2622 795644060
1167 665959825
1778 158765388
1925 518735025
2132 956850880
2396 734865824
1091 570579849
3150 57404700
642 538637900
3536 7775424
1027 279252745
1529 222264153
726 353661724
2271 24806449
2361 792057049
478 908940188
243 182714473
1019 55023993
1286 570432924
776 499032224
1563 727533753
311 763558049
2747 374056185
1504 826944128
2741 916320849
1571 113701449
1448 956775968
2161 965731049
1149 316428673
2215 133590145
1755 476369465
2032 167471680
3256 240947424
904 862138528
2115 959998345
3831 750102049
2775 267449825
1662 180176540
3147 957784985
3114 357416588
2354 275601228
3899 784647673
62 596253340
2481 566995049
3107 969733705
3727 125664145
2119 62150593
2828 128757088
2724 698293248
323 780979593
3751 915038849
3667 602614825
2420 324567360
872 23030560
326 561677724
2333 870445633
657 649723305
3908 539015808
645 339780785
1205 449578065
2030 551104540
3619 18859593
3789 727404513
2100 243764800
3000 484364000
1644 398918368
425 536028025
2453 711533713
735 773817905
988 43879328
1937 811991465
1138 272900428
2135 991419105
908 826323808
1223 579264193
1999 146272273
279 674669153
2618 271198348
400 454475200
90 469755020
2673 874357993
2934 617607708
3512 259670240
3118 338040348
300 779026400
3009 65881033
1124 710267648
1035 711745305
3236 627111424
3895 13146785
407 23550305
2692 339120000
577 101318345
1216 922644224
263 379807553
2406 481952924
895 961212785
584 421000608
295 802585985
2231 61190049
3671 906356449
1356 288419424
3970 346013260
3569 112546793
902 87070620
3291 25377849
528 203197888
3876 887668224
3699 490394473
1823 633020593
2179 842348553
1688 822796128
2990 782792220
1881 285873049
2439 928014913
3869 454998593
2339 862090313
1931 44289049
3091 432359849
1454 731532828
1673 105463993
73 248993593
2868 50806848
3303 910202113
3498 918038668
2177 81769545
3018 442231948
3090 67059020
2879 707776753
1903 552306513
3310 637540380
1492 817105600
391 64246849
371 536601449
3854 935315228
835 378573705
162 73598540
3433 135511033
3423 31090993
1614 273122588
827 152676345
2004 97832128
2739 373108713
2855 20667265
1161 307301049
2730 636608140
974 939902748
3405 538173665
2289 219585513
2765 200152545
2862 543078940
2400 619651200
1764 439199488
2047 689500785
2795 753280985
2906 111862924
2356 250639424
289 969493513
381 575218049
2653 578584513
2950 480627100
3882 318474380
2695 340613185
789 986266513
562 395179340
1564 405040288
2643 606316073
2190 992577820
428 874987488
127 8088945
1940 661648320
3271 258656449
343 184667873
3040 794773120
1854 783363228
2669 311071393
3253 169016913
2459 546146233
2201 317805849
2118 234856348
2404 56502528
3717 579125425
1486 175408924
3847 816280385
2936 617427424
464 164394688
3338 453913228
1763 860868553
1352 492847520
2683 197863033
115 144362345
3225 472454425
951 307730849
2129 232819753
3503 477992913
888 526056928
3578 389672588
761 798089049
3226 495811724
1515 784067545
3088 439969728
3257 333932505
3003 367665913
1562 84531340
1403 739579513
3436 839667424
2061 114398049
1309 56864833
3873 638070793
556 286483424
3369 90345593
3030 291552540
1115 491180345
133 303174833
1417 75312825
1592 383896800
3856 422719424
2680 438518240
695 743457185
1586 39726924
793 78555673
1147 634340985
2393 683570073
1268 313072448
2064 799588288
1100 336776800
2419 111532393
254 533161628
1108 919676608
195 420418185
1072 686704960
3531 754641049
1640 854597920
18 735279948
3867 70487225
903 957352513
2322 445232460
2592 318908800
1770 633771660
395 225973785
969 684571193
3279 109147153
3366 321517724
2900 737195200
3844 568541568
706 648398924
2021 985406449
3120 35376960
879 593724753
683 699635033
3990 480360220
255 44772465
3218 275068748
2001 623383849
164 782565888
3370 82296460
2158 239841308
2312 681607840
2750 68729500
2389 764900113
142 574831900
3477 585856145
3932 214296480
1804 865816928
1546 489053324
1835 693231705
1979 966063353
2442 740879500
1851 835769849
3286 39792924
1836 755859424
2849 204260873
1570 194666060
3509 688574033
2239 837385713
1276 269512224
1957 8737905
2648 661148768
749 427002273
234 546810508
660 3551680
3673 765251993
3363 863226953
894 366963868
1362 16900940
3661 682126049
2531 449071049
1079 563169953
824 512282848
1813 44964753
1017 344008025
495 690581585
1535 766024305
585 318971705
401 3687849
682 420259980
117 609942225
2053 472072113
2516 427116224
1078 620162588
3651 908307849
1296 321765824
2955 499287065
1768 97564448
1289 33539513
3101 983094849
3931 831029049
2112 995677440
2557 677823105
2332 659269280
3294 30778268
2421 572106449
570 472338060
3888 991428928
1696 713085824
3630 714381340
2035 850803305
2952 584578720
3110 928858780
2981 101480049
630 439437340
1767 381217025
892 281978400
3164 294953888
2767 537579025
3195 816152185
3193 943197273
236 224371424
187 855625465
3302 230027420
1351 130214849
955 758691065
2631 994138049
208 298019008
2194 445966668
1852 450463520
507 893104505
2141 992166849
1919 235329393
1084 795768608
1885 92167105
3005 129054465
458 344122508
338 789841228
3144 168702368
2003 238511913
1103 546583313
602 863611020
3141 690156849
2568 296191648
1031 219466049
574 339016348
1531 265501049
2371 462701449
1170 811094860
2853 610515313
1511 43874049
778 579061388
2770 302499660
1954 399370828
1884 338837408
3580 830801440
3923 7037993
2344 470657568
244 314779968
3850 374556300
3742 914995100
3607 294404705
2025 114008825
1283 417863433
1210 419773580
1666 760859724
1745 351116585
137 856647865
809 968371833
832 910081280
1467 338098425
259 436257033
1092 962140800
2620 464412960
3881 660413049
1825 964681225
3983 513401233
3382 677028380
2303 544448113
163 410830153
281 457601049
803 724567113
1779 254658153
1572 67240960
2951 15350849
2173 974660993
2523 71246393
2850 254068300
3285 946188305
264 201955488
1632 422154880
3853 243369313
1921 191781449
3295 434919985
2143 268449073
2547 829511785
1211 917325049
2583 231361633
2756 389687424
2152 719673120
2738 153258828
3875 436631625
1118 253672348
3200 102361600
2348 178585568
358 544766108
1226 521091724
1288 844666528
714 474306188
190 558641820
2364 530957088
3734 261236508
1390 840443420
2574 938648348
3143 974683073
2998 68016668
2156 928435424
2388 621492928
203 193474713
4 197280128
1013 336025553
3618 435382348
1496 934985824
1743 540115473
2084 636804608
3275 907868825
3062 847309340
1311 918288049
1579 708132953
3849 820626873
1372 991366560
2642 698861900
2851 338379849
2844 472785568
107 662207705
2269 915468993
538 413286028
1917 416893825
1254 952937628
3626 69315724
547 452467785
3402 42900620
2604 783157728
3894 906531868
1169 728212393
3603 823718313
2846 261863324
2691 740963849
1786 892022924
1478 252044188
3585 537445705
2520 873880160
2104 275669728
3767 815941025
3814 170693788
1955 567989065
719 736882193
1677 204328545
374 285893148
3675 762164025
1189 941644913
724 862061248
819 135042793
3383 117532833
287 634495665
1056 603543424
109 575721633
3815 516978945
3430 741891740
2626 872155724
3037 81513665
1585 603129705
2405 751975665
1565 117050945
308 535545408
654 606432028
2870 496082460
2418 933001548
972 334257760
1516 805376224
1202 681510220
2498 248494668
661 523836049
2319 53851793
773 137769393
860 692453280
497 379294185
3824 186230848
576 479380224
2617 226347225
84 76732608
2167 349121825
1737 935211065
1738 616434828
3943 707510273
2839 603913313
1689 813317913
794 187888268
2437 225292465
2373 610879793
3192 58476000
1971 958441449
2678 104808988
3080 311777440
372 85194560
2139 853901113
2083 17154633
313 754753753
611 777167049
3156 188255424
2013 384399553
3048 881646368
663 667917153
1469 102824193
2225 428216425
569 91928793
3534 603009308
2480 249208640
1106 66926924
99 388316873
3254 158489628
3432 969800480
1604 798681728
61 743938049
2378 85147788
2840 308679520
2320 816474560
3684 956222208
3647 364895985
2090 79291020
3500 838508000
3077 458023345
2142 613055900
3621 289326449
531 203931049
814 620405788
1853 99661313
1190 714609820
1613 870409953
200 144797600
896 589965824
527 271961745
1164 831361888
2848 188957568
3440 261600320
3749 673500273
3240 445746720
1130 409011340
1858 863212108
766 169133724
2685 876613505
3485 299139905
1580 937705440
1863 489365953
3588 975481728
108 101712608
3845 949950385
1339 469944313
959 761717233
898 950984268
3704 726991328
206 552688924
1517 861189025
2888 714304928
444 260731168
847 357914385
921 522631449
1404 896426528
2410 746903180
1316 175668224
2593 501156873
2184 847618208
2893 36687073
2234 343482508
3456 469991424
2054 56598428
2910 385057180
1893 360953073
1385 816538105
2227 501191145
3754 536127628
437 755088465
1520 235652160
3162 561254540
3965 218934145
2965 124416145
1049 282242073
3008 529918208
32 36087680
1359 997391633
1023 891105393
211 174795049
502 204897820
1378 32243788
194 979054668
419 789720393
1204 159051328
1816 59088224
1646 378103324
1540 668021120
2929 221880553
1998 459472668
1306 523510924
1435 872728505
1672 667008160
3960 954458080
3825 877557225
877 543862945
2207 982185905
1878 543445788
3337 566094265
2580 823253440
2469 30830193
2081 881367049
3686 712224924
1321 295651449
1427 27045545
858 953748108
1821 439376449
2980 531632640
2078 436466588
1502 646929820
548 73786368
615 302521345
2538 716134028
604 936205728
1044 87864768
1934 272871708
1541 551932849
1871 685426449
1343 471301873
1040 353437120
2380 716383840
2510 792093980
97 164885385
3786 483382924
617 272223225
3911 411546049
342 636694300
1156 790615424
1831 787762049
2649 775627673
3263 616429553
260 120388480
1186 829774924
1489 340988713
3616 371940224
2117 442066225
914 807725388
3322 389304460
1497 300716185
466 713851724
2272 131231360
2187 264829465
1914 948021388
2367 580394225
2200 661173600
449 942742473
1077 711659345
1377 772503945
389 690408113
1904 961214528
522 133342860
3537 761914665
1548 705430368
3971 74941449
1700 986329600
35 694687305
3788 278226528
2902 390734620
3249 556167273
2838 933651228
2306 279630924
3920 892359360
1222 667663260
2866 743547724
2186 91254924
1950 69939100
3053 807326113
2140 405781920
2789 358358513
134 639786908
3991 899370849
2460 139346080
2694 638944668
1191 522078849
1910 139249180
2093 766339873
2619 350553593
970 866629260
1559 362548833
1760 332900480
3069 366193793
1841 586559849
2086 979616924
1094 848775068
2807 269571105
3190 392545820
1373 78585793
2441 768753849
1631 398368049
3958 290196508
960 598734080
1221 790566449
3663 850939153
3890 825113420
1995 606098585
3045 340287985
1052 212917920
1882 935690380
1761 807719049
2562 895883340
2671 23706449
239 999493713
1120 934520960
3886 295760924
1797 880932785
3461 784080049
2504 399220128
352 669115520
3301 584356849
3972 838373760
481 734055049
2376 591928224
2337 60192265
3449 479440473
542 863436700
3421 424256449
2793 483623673
2774 805451548
1025 16170825
3261 50914049
124 826351648
1481 589525049
3065 148377945
312 241903840
96 104925824
2433 233897033
2711 259870049
224 229253248
2856 277499424
1408 868855808
185 559468505
2402 769068620
471 191316449
27 295170745
302 11131420
3207 952227905
2147 235062985
3561 212493049
1550 59823900
386 388430924
691 176783849
717 728339425
820 141482560
1038 193248028
3361 396887049
2205 289376065
3457 463800905
1874 703267148
294 910810268
3525 989515825
1062 224605340
132 1066880
3695 322191185
2896 844165824
3359 68563633
2052 922049920
1733 555357233
2375 897074625
1844 499029568
3092 832164800
1039 756090513
2745 416794585
3116 778720224
2214 993900188
2657 933607305
2245 368705585
2499 187355273
2472 949065760
1317 330656625
1610 869296780
1880 670559840
2638 414086428
534 515201308
1318 520149148
2345 95883385
1047 500978785
1628 534032288
3314 669395788
2605 379455265
1308 177909408
1544 410692768
703 533001713
989 881515713
2625 551271625
1266 419003724
1220 947973760
2702 218408220
1753 975285913
1675 85888025
2852 457195520
2255 14568465
2374 236725148
3997 138021185
676 468596224
3949 8973473
2913 952246153
1102 775477020
2010 978339980
3636 217103424
63 483072753
3052 753181920
3289 527631513
1609 604600633
3940 522584320
3288 330514528
1889 450527113
3071 682126449
1721 728191449
929 695628553
2905 129824665
3602 792307020
1192 364052000
1549 865375073
3501 350498849
779 170832153
2284 99651808
2280 224779040
1560 902038880
3459 554932233
2495 638937585
3567 430508625
2351 571824849
2230 369434140
1683 387749033
3505 743503465
3656 863915424
432 143324480
346 35613324
3820 765966560
2885 734925105
2237 936312065
1342 419206300
2079 883595953
1545 432620985
1264 662951488
83 465326633
566 157725724
1121 326701449
2063 870020753
2145 682747785
415 315597745
3948 39135968
3925 256011025
3679 170037553
3593 62290873
1865 581356345
3659 651329433
3513 185710553
646 342503324
435 206870505
2599 319231873
180 422898240
1432 296816480
1741 867130849
3015 6244545
3562 829235340
3130 592307340
1642 557749900
3570 5322060
469 296818193
2218 759684748
2256 568927424
573 820590593
1528 752401888
303 178940113
2709 786905233
2076 645720224
491 727205849
2383 422018833
880 670411840
3168 176402048
599 513499873
2803 212075113
2017 408870025
135 10903105
357 479230705
2106 998646924
2111 409912049
220 668345760
1150 709228700
848 330469568
825 691243225
2976 597284224
3039 189182513
775 10773825
2408 45419808
3655 3785665
3499 361021273
1374 200309148
2645 524736785
2887 353340865
2787 502750665
475 394362425
792 3727200
2829 453977953
2634 681376908
1918 308859548
1366 192637724
790 957582620
2589 979189313
1012 670290240
138 331276428
1060 546234880
2474 67076748
3319 485557793
808 341477408
2907 128405305
592 570884800
1499 135689273
1717 556601425
1198 140477468
964 291842688
3506 428014924
1598 970215068
1616 182060224
3705 277823065
1437 429190465
3169 233024393
3785 137717305
231 289250049
2972 215001760
2122 751058060
978 565242188
2012 214542240
3023 192293393
2221 696316449
1416 469912224
3517 234913025
2027 385334745
496 517685824
856 353059424
1782 749361180
3441 703343849
2297 5693785
3713 926625353
688 614072128
1875 111555625
3083 476068633
3702 728840220
3165 213559745
240 993542720
3228 646038688
612 606749440
1459 659360233
2833 99902633
949 289275473
2511 145004049
533 376940433
1140 333913920
2988 56527328
3901 377422849
2596 254925824
3056 176783424
1670 893608860
2181 740944049
1336 831219424
3905 977022665
2325 147150225
1840 351411520
2800 31246400
863 59291953
2360 614765280
380 716087840
7 957533505
1277 44335745
209 222440233
3208 354511008
1879 89750753
3392 634758400
2817 828599625
277 29753745
1488 251291328
3344 505413568
2763 742553
3610 9712780
3315 763619945
811 325673049
864 583913088
1021 904056449
922 48491660
1272 515259360
221 6816449
184 463146208
2250 760335500
523 892058393
3665 157768745
1028 462549888
2612 519653440
961 470255049
494 897981468
3657 758549305
503 273530913
75 816227225
3582 409946780
1929 397754553
1231 114220049
628 572628288
1829 42051953
3830 851750940
1281 488671049
1116 710840224
956 457691424
3915 391310745
233 759786233
421 233806449
3858 48140108
3683 129977033
3259 623415033
1680 140770240
3232 360542080
3611 317157049
727 151218145
2858 894676108
737 24509065
3768 540532448
884 322201408
3152 963005120
3778 684173388
3055 19126865
3969 651589193
2759 15972033
1704 811639328
3548 334718368
3124 844099648
403 205625513
2436 425687424
3955 552585065
2263 415555553
697 233818585
169 158806393
647 379729985
3554 861412428
1902 177902620
3735 847191905
405 545579665
1932 419312480
2579 89558953
2628 617436288
2609 109686633
2075 302103225
1302 628763420
186 690294924
116 859900224
3084 599840608
2603 221364313
3401 946817849
3006 561504924
770 87043660
3718 578510748
1506 144974924
2478 717148188
1061 868168049
404 858350528
3444 235599168
2521 571831449
2340 314795520
2728 852486688
586 251446924
3272 869203360
3387 224591865
1209 956726233
3210 262589580
1870 415154460
409 639537433
1694 283488668
3355 825966265
3750 777017500
1807 948329105
198 951533468
3292 326007200
67 375391625
2468 127093248
3627 928825945
3159 219486433
618 308830348
2491 642585849
2258 781157708
667 370128825
798 970259868
828 435149088
807 749087105
3331 963767049
3608 498336608
2600 743008800
3465 656425145
274 321161548
492 416293600
2830 813702940
3804 605568928
3780 926951040
3575 986760225
986 472118924
2555 832127865
912 342575040
2253 9362913
2832 636665280
1075 998165225
3032 916163680
398 459562268
687 162176465
2733 571571233
2372 19538560
1939 10591913
1267 848786025
406 267312924
3258 461421708
2655 187087665
1491 623895849
2860 649869280
101 749764849
806 191200924
709 74333233
3266 723483724
1905 404626665
1615 710339345
757 122327505
349 197095873
59 142819833
1943 821842273
2068 862899648
1048 374358368
3194 862422668
2959 535289233
411 393541049
3414 887215388
2180 774394240
1711 334340049
2948 514691968
734 700228508
261 839024049
1774 120235548
3064 680184288
3179 696974553
2534 785073308
1686 945264924
3753 294593913
3281 916811049
2931 876659049
967 423967425
3557 90565105
2493 71753473
3939 863283913
2967 263491425
3282 872399180
1714 790202188
3857 218177705
1723 21011193
1168 679834048
1294 495466268
2185 952184505
53 167564113
2920 483331360
934 50135708
1006 400464924
104 550717728
3378 260051788
2627 227543945
1109 897807633
1127 404370945
473 223831193
2170 6622860
924 203724448
1676 627856224
3250 407623500
270 859429660
2723 996005193
1188 203184128
21 944706449
2169 419618393
3173 804554993
459 894574233
1141 416176849
716 275824224
3697 837284585
2160 689263680
3450 231721100
3640 242333920
2324 212006848
1122 753386060
3604 889633728
1011 39059049
1370 920440460
1652 143757120
3795 147058985
1034 286919308
1371 938651449
321 99701449
30 436208540
60 926126880
1214 617004188
2447 119069585
3054 895974428
954 94194828
2918 587643548
532 273183680
578 757760588
3654 178160028
3996 511985824
2235 173254905
3935 571123505
1993 543036473
219 364379193
3 346203913
2933 669454033
1178 716302988
2266 10243724
1809 175857833
1240 355610720
3174 33697948
1801 93841849
3807 712813105
781 457886049
3348 229829568
1218 366300748
2350 739574300
730 750912140
1395 726951785
2452 359862720
488 866967328
2705 255025065
3519 466538993
1381 18488049
870 456226460
1456 599151424
797 722910785
1133 724188833
256 590887424
1868 978122848
2321 613601449
1449 666308473
980 584936640
2891 4221849
1798 632403868
1132 917958880
3247 956767185
999 155606273
1543 423268673
2945 324570185
2174 699681948
147 155618985
590 326389020
1440 522664320
2313 202701753
9 970223033
3132 117742880
1334 244590108
3620 636840960
2240 839678720
232 7266080
3410 53711180
2503 287838913
536 895235424
1357 823572705
3855 661765265
1750 482441500
179 499096553
2662 403728540
1482 437693580
2818 774275148
2379 883513753
1203 903028713
2652 326089120
3701 281520849
1076 837660224
1661 121266049
1850 255580300
3316 892348224
1785 554601305
3455 510686065
402 587404620
3746 569973324
1864 518109088
3063 246494753
2640 987465920
499 206023273
1975 186219425
1365 346947345
2732 558746080
631 924598049
1876 554348224
2527 484125745
1771 453631449
66 350555724
3926 432253724
355 451672265
3217 527744425
2462 429258140
616 270120224
3781 100096049
3324 164322848
1089 890970313
2831 207932049
3841 631339849
752 303968320
2377 321285945
2149 925394673
759 891200033
3635 47056105
2811 879133049
3826 603387724
476 531384224
5 82860465
454 487356828
2260 131404480
1635 700540105
3518 333473948
2274 447593548
948 831803968
878 551541788
3564 166232288
1724 219177248
3921 896081449
718 215358748
445 328125185
1796 163965824
1213 15940353
44 533708768
2275 657530825
2023 980699393
1053 258818113
583 557533633
652 83425120
1908 941887808
883 107497833
558 184698908
941 595618849
3205 251174065
2859 255020633
3198 884365468
1197 91479585
720 292909760
1005 976258465
2836 696639424
1300 388414400
1071 985226449
3411 460331049
2188 472908128
3353 911692313
796 510065824
665 950014745
501 170768849
2522 304286860
1855 501569265
3774 612667548
2307 593700105
2154 755046028
607 803878705
1050 224629900
843 812734873
620 485556960
1291 514797849
3016 783736224
1752 776500320
1833 671488633
1058 5880908
3060 152450880
976 683564224
1000 372788000
637 560148865
622 800300060
2530 406078540
3260 819912480
998 972928668
2440 831132320
3407 40876305
2311 195018049
48 803714368
3031 586606049
2057 17202105
3572 894384960
1569 310134793
1244 693335968
1270 345157660
3721 783691449
3520 634108160
2563 43007753
875 632017625
1527 317043745
3189 611336913
3191 208258849
1135 440161105
3584 127108608
1552 552233920
376 624608224
3252 214048320
2102 690709020
2942 444985500
3479 57152353
3352 506311520
2116 683780224
861 113562049
3447 78391585
1114 306024588
2247 821845185
520 719424160
1330 485380940
3473 57313193
1364 535761088
1393 68836073
275 522854825
439 441322913
2768 758048448
1010 442331980
1766 699373724
2477 502874145
3660 649475680
1248 583127168
3043 818569673
1176 32976224
3155 580186665
183 401328033
3166 166669724
2843 630002873
512 443914240
3078 374770588
1643 961082073
508 134258208
3483 413794233
3313 609675753
2845 350072385
3796 837765824
2715 619849145
2637 679152865
543 312234673
2533 638568433
1349 508461873
1619 804247593
2059 496791833
1455 648090065
932 204820480
193 572195273
3339 376236313
916 410892224
1739 332162713
2921 982931449
2041 149077849
2016 100996224
2687 693380465
545 313342985
3798 322691868
882 927298380
24 464670048
2432 572308480
3127 562934945
2446 974423324
983 373259233
1007 859175505
3937 648195465
424 158716448
3021 188756449
2065 763659945
2417 788974825
1641 188921849
2241 876475849
3769 299627993
3111 984242049
1212 449380640
2899 962181673
2670 150136860
1837 852991265
2762 952793740
3722 921093260
2082 432008780
1105 192308265
2242 947777100
2407 246434305
928 928239488
2226 947451724
2565 440768945
3267 161510025
2624 264891648
2772 984967360
2394 999497868
681 175389049
1651 429887849
3160 965571680
705 575429065
3188 864632128
1229 773456353
1951 100540849
1758 486775708
1630 409085340
2077 23841345
3046 152903324
2151 753742849
3367 209956225
2270 952885660
3202 458374220
3690 638279820
2823 20214593
1181 74049
3550 705599900
1629 454306753
1173 266766993
2203 734582713
2633 84459833
638 286838428
593 744888873
1590 131157020
1085 945800705
417 483650825
3558 569290908
325 600274225
2582 394154780
218 94916748
168 614550048
3966 775341724
3343 410569873
2809 505343833
3729 849021353
2073 718381593
2326 116797724
1687 866778465
1963 159083353
2784 978119808
2040 13105120
867 364801225
3328 128409088
3079 326021953
3707 482998905
1344 557901568
3170 324150860
2782 467553180
2797 160954785
1136 349903424
3332 644561280
1180 537646240
1425 160666025
2330 340428940
3176 595496224
340 644259520
3304 624880928
702 563544220
1671 263056449
2606 10256924
249 492669273
150 718140700
1476 866244224
3606 124976924
2874 800683148
3692 808332000
2291 709087849
1928 126243488
1519 76326993
3280 995727040
2148 62976768
810 629770380
1165 741723745
2131 681003049
1241 888285849
2677 989710545
774 557019548
3745 604472585
2581 591452049
1553 850195113
1439 123668913
3011 241319049
2166 865629724
2834 597644108
272 21287360
2024 530102048
2727 12182145
1575 134884225
3028 804957888
2487 198300065
2219 37391193
1206 774608924
2761 939349049
2210 780181580
2537 431612665
2457 463258905
1020 962288160
2279 842321153
1822 18946460
769 805809993
1461 872020049
1817 466137625
1703 303555713
3097 348751385
3549 502907073
3468 672977248
3989 95853713
3248 739215168
2578 390368588
2923 85643993
304 381252928
817 225675625
2095 730226385
1282 436015180
278 334959388
2699 492328473
2391 155226849
1394 880641868
2466 423131724
2707 451956905
20 507060160
319 556439793
2243 53582473
1555 549629865
1846 279863324
981 146540049
64 404396288
1968 899901248
3709 826191233
2827 838040345
635 210282105
2994 649371468
22 416856860
2309 325350833
52 625785920
3883 11039833
3397 907527985
1431 173854049
765 25916545
1720 633537760
2771 626481449
2598 929959068
742 255059100
2067 795315625
483 456652233
2740 627462720
2822 902018460
521 409131449
1258 222893708
2164 2157888
1596 303425824
3956 763951424
2780 95003040
2427 781927545
1734 98564508
1814 348501788
257 171506505
1097 437507385
1857 41493705
2233 548214233
1802 983329420
3439 854360913
2382 485636380
3197 827123585
3631 711908049
288 284742528
2755 583267465
1484 237543008
2465 622907145
299 714730073
426 947843724
1513 844962553
946 20373324
33 887783433
292 230771200
1146 345053324
1869 179386593
436 963727424
658 66495308
3139 543647113
3117 41128225
2666 899724
1900 532607200
3412 901455040
1622 736972060
1398 472906268
671 624406449
1230 926586140
3394 240353868
2806 703440924
1638 289462428
1312 900755840
513 857588553
3933 632068033
3980 187980640
1561 476033049
3408 343983808
484 869707008
271 923106449
2946 686773324
1029 680351153
1345 679005385
1949 73841473
2448 298219968
2290 947084620
3221 724066449
2 529631820
608 495444608
2331 482597049
552 904101920
366 311197724
2908 179451808
2283 579177433
648 451460768
2941 220798849
2781 764026049
3374 395141148
2363 250152953
161 770871049
2919 18235393
1426 76603724
78 925858588
3400 885239200
3924 114272448
2346 755613324
1310 970324380
3264 950943488
3278 257071388
1363 759078953
3379 562539753
2802 783961420
1337 676290265
3571 932601449
3736 467651424
1938 394039628
3246 208823324
1754 208575628
1259 376643033
165 188805745
3445 815359185
2938 755263628
2930 32017740
633 998431833
1450 410345100
490 72622220
2796 939865824
1524 217994048
1530 726630540
3451 18505849
3624 453807648
2066 762235724
3724 299409248
462 752954140
2232 787450080
3482 522877580
3649 567593673
2485 183181905
2308 942273408
1862 495126940
3140 599649920
3708 137343008
3409 681595433
3027 613416745
1503 219684913
2002 413695820
3131 337773049
2821 818326449
2386 438190924
926 496973724
2518 581489948
347 721603385
3105 169504265
2445 864281185
3419 955438393
388 555244928
3880 36855840
3490 616326220
2613 391983953
3297 346715785
2153 720107513
470 226815260
205 731780065
2551 554786849
2206 118528924
2785 785159305
202 476078220
2146 441653324
1658 151559308
1182 497005980
80 838133440
392 302922400
3059 856777833
2045 38009985
3687 641982465
3413 377083153
1263 336681553
382 468852380
1895 523190785
485 317265905
3917 88217825
2911 539616049
804 178940928
268 835588448
3613 35557953
2168 867118048
2820 769138560
3903 108214513
3151 492952849
1119 576844593
3765 470270545
1163 955504153
172 998600160
1556 951103424
913 557898153
1054 339222428
3782 307745180
3822 907090460
15 836390545
1980 997284640
2126 819325724
3720 680793760
701 628590849
3806 642560924
3808 817569408
3743 776983473
2995 702276585
3887 126342865
3300 973190400
2712 548108640
1533 446754433
3122 870730060
1081 552697049
3012 880794240
2660 312167680
413 285561153
696 471385824
1697 979640585
710 285319580
238 39948828
1144 869990368
3906 463182924
422 507605660
2675 863026025
800 568470400
2857 568835705
2507 940388505
1225 505978425
1988 489203328
3418 272785548
2295 102141985
958 959204508
822 257874460
182 374013980
1111 957582049
3481 666465049
3573 890672593
2414 563919388
1731 572455049
1032 540779680
1388 527368928
3821 319276449
678 647800988
3454 585884828
1139 286155113
1003 231357913
1332 795977280
2749 469334273
3342 350230300
1627 648261945
3892 796814400
3896 154265824
2019 128129993
791 963402849
1064 40992288
2105 619906265
1960 928642080
1128 38080288
1534 89137308
2737 967913065
2288 526590528
1247 808923185
3356 334859424
589 255897313
3325 603588225
2092 836152800
850 379092300
3787 863552665
71 819776449
46 99703324
1301 991336849
3950 13315100
2444 788643168
2903 269260513
1518 951505948
2026 732419724
1430 85395740
3744 673475968
2559 661534833
215 493554145
2535 966082305
3595 538543385
2022 465800860
1847 722036385
1967 282729425
2880 792707840
2213 888714353
1391 548736849
3928 888251488
1965 151898145
1510 195085980
3415 431851745
1256 18907424
3219 56897193
3712 99760640
2268 912556448
2195 895574185
1709 869619233
2044 764020768
1065 500941945
2566 691405724
1625 980233625
561 290803049
1046 662103324
479 149474353
3371 108751449
603 382656313
2343 879935873
1375 356536625
273 153972393
1748 326399168
979 57837353
1134 564922908
2718 2126748
192 199840000
2411 649401049
2298 9225868
2369 452539593
933 110226033
1238 393772828
2544 147848768
3227 553673145
1942 67273500
666 642819724
1453 849479713
3388 837616928
3178 295310988
3099 596914873
443 227841273
3398 865594268
741 939940849
619 379941593
3511 368134049
3522 72758860
2094 731031068
3898 540016268
12 248038240
3211 768385049
314 302107788
2883 254525833
3017 595732025
3134 781194908
907 783521305
2007 882817505
1088 602921728
1781 549956049
1923 286249993
535 687966305
1523 920652393
2048 67002368
1442 424167500
3811 338863049
544 795536768
3987 430353065
1117 965004225
2150 822316700
1389 166654113
1773 196863393
2610 878504780
460 479530080
2294 202122268
336 73439424
1068 87815648
3662 749280540
3792 281963200
3680 858266240
2937 669093465
3829 987903953
3946 202973324
1368 987530848
3812 581635840
3964 697030688
3380 899531840
95 79470385
1462 30106140
564 707444288
1867 811363225
3799 116911073
2736 817071424
296 728865824
269 830256993
114 463328588
3909 128688433
368 97846848
2882 66082380
3070 6908060
2700 366517600
2514 410758988
3800 945634400
871 222376449
3230 934282140
1557 387081105
2458 987450508
178 609798988
2492 339917600
1159 797114433
690 621375820
330 752332940
3535 288140305
1924 385240448
373 668291793
3551 942796849
2963 123357353
1384 315269408
43 302467673
2632 522046880
3329 705690953
1655 492389665
2805 171814865
2435 660586505
1227 570709145
3912 104731040
81 346027049
223 787270193
262 592163740
2202 8942220
3703 210663713
235 368338905
3183 648670033
1101 38874849
3927 643000545
3653 387038513
550 419935900
140 384045920
2342 323718300
246 682423324
763 842994553
3733 709785233
433 796669033
2508 189786208
1888 559180928
2070 101580060
3354 351577228
3386 646070924
3283 862491433
37 639607665
2760 960408480
3916 222512224
3639 934270113
1751 612218849
2120 923948960
2159 447300433
3497 509560185
3784 826555808
2479 965926353
3865 823992345
3470 523199260
1420 98539360
2192 650264000
3420 672595360
1199 223979473
3648 948992768
1551 288776849
524 685278048
3235 258712905
1314 969203788
3852 585927520
2037 812211665
517 857327025
2816 917428224
3643 373550073
746 860573324
3546 101853324
3523 343840393
784 647247808
1581 201782049
3664 987101888
394 883785868
26 650499724
1514 797262988
1400 476063200
3146 660253324
1285 485072305
1784 251683808
2746 878173324
801 919331849
3347 996969385
2710 6135580
3243 172016473
2509 473688033
2647 581173985
144 903634368
2554 961036428
747 348212185
2130 439659340
1152 598341120
3057 368944105
3330 317476940
525 513001825
2127 922652945
2454 97708828
1654 675008028
3346 798613324
1845 872194385
1793 220089673
2996 789685824
1873 329482793
1360 636057280
3689 605009913
3241 986665849
2909 265002433
3728 470090688
3085 758116705
3464 386582688
750 18153500
3381 271028049
1009 880109033
3142 815167900
626 843835724
862 569174940
309 910378833
2897 515666985
461 98990049
3206 584448924
1500 604932000
3694 116400668
2471 941816449
1490 465190220
890 335009420
3516 170856224
2701 275210849
639 48032113
353 562130313
2036 814255424
2134 612058908
1177 357387545
1473 46325193
199 530913473
2370 940368460
87 117975265
1143 684215073
1438 759177628
1319 744145793
2113 615946953
98 259349068
1747 300134185
2975 199957425
1235 209796905
662 78624540
3614 446514588
1237 964610065
1959 587503233
3833 650316633
1828 220953088
711 530810049
1063 615546753
3861 745052049
1725 451847425
830 103606940
2590 57925020
2735 700733905
1742 686371100
112 204773440
160 502647680
905 801428665
2381 583758049
3446 429623324
3104 321145728
2091 940469849
1599 855365873
1326 278237724
931 333919049
2398 608250268
2121 820251449
1255 968670465
634 587104908
3022 173272860
251 205353849
1436 133707424
3693 945114273
546 865653324
0 0
1898 25328268
2688 153520128
3934 84343708
3716 614244224
175 148931025
571 887251449
1538 3710028
82 888424780
1095 343848385
11 120929049
3622 976316060
2199 39045473
3530 207526540
3930 482265740
1443 926675273
1284 434215808
23 923511393
387 454585865
1298 286081868
1990 207224220
2155 824488665
